0.0,0.0,0.0,1.0,1.0,1.0,1.0,;
0.0,0.0,1.0,1.0,1.0,1.0,1.0,;
0.0,0.0,2.0,1.0,1.0,1.0,1.0,;
0.0,0.0,3.0,1.0,1.0,1.0,1.0,;
0.0,0.0,4.0,1.0,1.0,1.0,1.0,;
0.0,0.0,5.0,1.0,1.0,1.0,1.0,;
0.0,0.0,6.0,1.0,1.0,1.0,1.0,;
0.0,0.0,7.0,1.0,1.0,1.0,1.0,;
0.0,0.0,8.0,1.0,1.0,1.0,1.0,;
0.0,0.0,9.0,1.0,1.0,1.0,1.0,;
0.0,0.0,10.0,1.0,1.0,1.0,1.0,;
0.0,0.0,11.0,1.0,1.0,1.0,1.0,;
0.0,0.0,12.0,1.0,1.0,1.0,1.0,;
0.0,0.0,13.0,1.0,1.0,1.0,1.0,;
0.0,0.0,14.0,1.0,1.0,1.0,1.0,;
0.0,0.0,15.0,1.0,1.0,1.0,1.0,;
0.0,0.0,16.0,1.0,1.0,1.0,1.0,;
0.0,1.0,0.0,1.0,1.0,1.0,1.0,;
0.0,1.0,1.0,1.0,1.0,1.0,1.0,;
0.0,1.0,2.0,1.0,1.0,1.0,1.0,;
0.0,1.0,3.0,1.0,1.0,1.0,1.0,;
0.0,1.0,4.0,1.0,1.0,1.0,1.0,;
0.0,1.0,5.0,1.0,1.0,1.0,1.0,;
0.0,1.0,6.0,1.0,1.0,1.0,1.0,;
0.0,1.0,7.0,1.0,1.0,1.0,1.0,;
0.0,1.0,8.0,1.0,1.0,1.0,1.0,;
0.0,1.0,9.0,1.0,1.0,1.0,1.0,;
0.0,1.0,10.0,1.0,1.0,1.0,1.0,;
0.0,1.0,11.0,1.0,1.0,1.0,1.0,;
0.0,1.0,12.0,1.0,1.0,1.0,1.0,;
0.0,1.0,13.0,1.0,1.0,1.0,1.0,;
0.0,1.0,14.0,1.0,1.0,1.0,1.0,;
0.0,1.0,15.0,1.0,1.0,1.0,1.0,;
0.0,1.0,16.0,1.0,1.0,1.0,1.0,;
0.0,2.0,0.0,1.0,1.0,1.0,1.0,;
0.0,2.0,1.0,1.0,1.0,1.0,1.0,;
0.0,2.0,2.0,1.0,1.0,1.0,1.0,;
0.0,2.0,3.0,1.0,1.0,1.0,1.0,;
0.0,2.0,4.0,1.0,1.0,1.0,1.0,;
0.0,2.0,5.0,1.0,1.0,1.0,1.0,;
0.0,2.0,6.0,1.0,1.0,1.0,1.0,;
0.0,2.0,7.0,1.0,1.0,1.0,1.0,;
0.0,2.0,8.0,1.0,1.0,1.0,1.0,;
0.0,2.0,9.0,1.0,1.0,1.0,1.0,;
0.0,2.0,10.0,1.0,1.0,1.0,1.0,;
0.0,2.0,11.0,1.0,1.0,1.0,1.0,;
0.0,2.0,12.0,1.0,1.0,1.0,1.0,;
0.0,2.0,13.0,1.0,1.0,1.0,1.0,;
0.0,2.0,14.0,1.0,1.0,1.0,1.0,;
0.0,2.0,15.0,1.0,1.0,1.0,1.0,;
0.0,2.0,16.0,1.0,1.0,1.0,1.0,;
0.0,3.0,0.0,1.0,1.0,1.0,1.0,;
0.0,3.0,1.0,1.0,1.0,1.0,1.0,;
0.0,3.0,2.0,1.0,1.0,1.0,1.0,;
0.0,3.0,3.0,1.0,1.0,1.0,1.0,;
0.0,3.0,4.0,1.0,1.0,1.0,1.0,;
0.0,3.0,5.0,1.0,1.0,1.0,1.0,;
0.0,3.0,6.0,1.0,1.0,1.0,1.0,;
0.0,3.0,7.0,1.0,1.0,1.0,1.0,;
0.0,3.0,8.0,1.0,1.0,1.0,1.0,;
0.0,3.0,9.0,1.0,1.0,1.0,1.0,;
0.0,3.0,10.0,1.0,1.0,1.0,1.0,;
0.0,3.0,11.0,1.0,1.0,1.0,1.0,;
0.0,3.0,12.0,1.0,1.0,1.0,1.0,;
0.0,3.0,13.0,1.0,1.0,1.0,1.0,;
0.0,3.0,14.0,1.0,1.0,1.0,1.0,;
0.0,3.0,15.0,1.0,1.0,1.0,1.0,;
0.0,3.0,16.0,1.0,1.0,1.0,1.0,;
0.0,4.0,0.0,1.0,1.0,1.0,1.0,;
0.0,4.0,1.0,1.0,1.0,1.0,1.0,;
0.0,4.0,2.0,1.0,1.0,1.0,1.0,;
0.0,4.0,3.0,1.0,1.0,1.0,1.0,;
0.0,4.0,4.0,1.0,1.0,1.0,1.0,;
0.0,4.0,5.0,1.0,1.0,1.0,1.0,;
0.0,4.0,6.0,1.0,1.0,1.0,1.0,;
0.0,4.0,7.0,1.0,1.0,1.0,1.0,;
0.0,4.0,8.0,1.0,1.0,1.0,1.0,;
0.0,4.0,9.0,1.0,1.0,1.0,1.0,;
0.0,4.0,10.0,1.0,1.0,1.0,1.0,;
0.0,4.0,11.0,1.0,1.0,1.0,1.0,;
0.0,4.0,12.0,1.0,1.0,1.0,1.0,;
0.0,4.0,13.0,1.0,1.0,1.0,1.0,;
0.0,4.0,14.0,1.0,1.0,1.0,1.0,;
0.0,4.0,15.0,1.0,1.0,1.0,1.0,;
0.0,4.0,16.0,1.0,1.0,1.0,1.0,;
0.0,5.0,0.0,1.0,1.0,1.0,1.0,;
0.0,5.0,1.0,1.0,1.0,1.0,1.0,;
0.0,5.0,2.0,1.0,1.0,1.0,1.0,;
0.0,5.0,3.0,1.0,1.0,1.0,1.0,;
0.0,5.0,4.0,1.0,1.0,1.0,1.0,;
0.0,5.0,5.0,1.0,1.0,1.0,1.0,;
0.0,5.0,6.0,1.0,1.0,1.0,1.0,;
0.0,5.0,7.0,1.0,1.0,1.0,1.0,;
0.0,5.0,8.0,1.0,1.0,1.0,1.0,;
0.0,5.0,9.0,1.0,1.0,1.0,1.0,;
0.0,5.0,10.0,1.0,1.0,1.0,1.0,;
0.0,5.0,11.0,1.0,1.0,1.0,1.0,;
0.0,5.0,12.0,1.0,1.0,1.0,1.0,;
0.0,5.0,13.0,1.0,1.0,1.0,1.0,;
0.0,5.0,14.0,1.0,1.0,1.0,1.0,;
0.0,5.0,15.0,1.0,1.0,1.0,1.0,;
0.0,5.0,16.0,1.0,1.0,1.0,1.0,;
0.0,6.0,0.0,1.0,1.0,1.0,1.0,;
0.0,6.0,1.0,1.0,1.0,1.0,1.0,;
0.0,6.0,2.0,1.0,1.0,1.0,1.0,;
0.0,6.0,3.0,1.0,1.0,1.0,1.0,;
0.0,6.0,4.0,1.0,1.0,1.0,1.0,;
0.0,6.0,5.0,1.0,1.0,1.0,1.0,;
0.0,6.0,6.0,1.0,1.0,1.0,1.0,;
0.0,6.0,7.0,1.0,1.0,1.0,1.0,;
0.0,6.0,8.0,1.0,1.0,1.0,1.0,;
0.0,6.0,9.0,1.0,1.0,1.0,1.0,;
0.0,6.0,10.0,1.0,1.0,1.0,1.0,;
0.0,6.0,11.0,1.0,1.0,1.0,1.0,;
0.0,6.0,12.0,1.0,1.0,1.0,1.0,;
0.0,6.0,13.0,1.0,1.0,1.0,1.0,;
0.0,6.0,14.0,1.0,1.0,1.0,1.0,;
0.0,6.0,15.0,1.0,1.0,1.0,1.0,;
0.0,6.0,16.0,1.0,1.0,1.0,1.0,;
0.0,7.0,0.0,1.0,1.0,1.0,1.0,;
0.0,7.0,1.0,1.0,1.0,1.0,1.0,;
0.0,7.0,2.0,1.0,1.0,1.0,1.0,;
0.0,7.0,3.0,1.0,1.0,1.0,1.0,;
0.0,7.0,4.0,1.0,1.0,1.0,1.0,;
0.0,7.0,5.0,1.0,1.0,1.0,1.0,;
0.0,7.0,6.0,1.0,1.0,1.0,1.0,;
0.0,7.0,7.0,1.0,1.0,1.0,1.0,;
0.0,7.0,8.0,1.0,1.0,1.0,1.0,;
0.0,7.0,9.0,1.0,1.0,1.0,1.0,;
0.0,7.0,10.0,1.0,1.0,1.0,1.0,;
0.0,7.0,11.0,1.0,1.0,1.0,1.0,;
0.0,7.0,12.0,1.0,1.0,1.0,1.0,;
0.0,7.0,13.0,1.0,1.0,1.0,1.0,;
0.0,7.0,14.0,1.0,1.0,1.0,1.0,;
0.0,7.0,15.0,1.0,1.0,1.0,1.0,;
0.0,7.0,16.0,1.0,1.0,1.0,1.0,;
0.0,8.0,0.0,1.0,1.0,1.0,1.0,;
0.0,8.0,1.0,1.0,1.0,1.0,1.0,;
0.0,8.0,2.0,1.0,1.0,1.0,1.0,;
0.0,8.0,3.0,1.0,1.0,1.0,1.0,;
0.0,8.0,4.0,1.0,1.0,1.0,1.0,;
0.0,8.0,5.0,1.0,1.0,1.0,1.0,;
0.0,8.0,6.0,1.0,1.0,1.0,1.0,;
0.0,8.0,7.0,1.0,1.0,1.0,1.0,;
0.0,8.0,8.0,1.0,1.0,1.0,1.0,;
0.0,8.0,9.0,1.0,1.0,1.0,1.0,;
0.0,8.0,10.0,1.0,1.0,1.0,1.0,;
0.0,8.0,11.0,1.0,1.0,1.0,1.0,;
0.0,8.0,12.0,1.0,1.0,1.0,1.0,;
0.0,8.0,13.0,1.0,1.0,1.0,1.0,;
0.0,8.0,14.0,1.0,1.0,1.0,1.0,;
0.0,8.0,15.0,1.0,1.0,1.0,1.0,;
0.0,8.0,16.0,1.0,1.0,1.0,1.0,;
0.0,9.0,0.0,1.0,1.0,1.0,1.0,;
0.0,9.0,1.0,1.0,1.0,1.0,1.0,;
0.0,9.0,2.0,1.0,1.0,1.0,1.0,;
0.0,9.0,3.0,1.0,1.0,1.0,1.0,;
0.0,9.0,4.0,1.0,1.0,1.0,1.0,;
0.0,9.0,5.0,1.0,1.0,1.0,1.0,;
0.0,9.0,6.0,1.0,1.0,1.0,1.0,;
0.0,9.0,7.0,1.0,1.0,1.0,1.0,;
0.0,9.0,8.0,1.0,1.0,1.0,1.0,;
0.0,9.0,9.0,1.0,1.0,1.0,1.0,;
0.0,9.0,10.0,1.0,1.0,1.0,1.0,;
0.0,9.0,11.0,1.0,1.0,1.0,1.0,;
0.0,9.0,12.0,1.0,1.0,1.0,1.0,;
0.0,9.0,13.0,1.0,1.0,1.0,1.0,;
0.0,9.0,14.0,1.0,1.0,1.0,1.0,;
0.0,9.0,15.0,1.0,1.0,1.0,1.0,;
0.0,9.0,16.0,1.0,1.0,1.0,1.0,;
0.0,10.0,0.0,1.0,1.0,1.0,1.0,;
0.0,10.0,1.0,1.0,1.0,1.0,1.0,;
0.0,10.0,2.0,1.0,1.0,1.0,1.0,;
0.0,10.0,3.0,1.0,1.0,1.0,1.0,;
0.0,10.0,4.0,1.0,1.0,1.0,1.0,;
0.0,10.0,5.0,1.0,1.0,1.0,1.0,;
0.0,10.0,6.0,1.0,1.0,1.0,1.0,;
0.0,10.0,7.0,1.0,1.0,1.0,1.0,;
0.0,10.0,8.0,1.0,1.0,1.0,1.0,;
0.0,10.0,9.0,1.0,1.0,1.0,1.0,;
0.0,10.0,10.0,1.0,1.0,1.0,1.0,;
0.0,10.0,11.0,1.0,1.0,1.0,1.0,;
0.0,10.0,12.0,1.0,1.0,1.0,1.0,;
0.0,10.0,13.0,1.0,1.0,1.0,1.0,;
0.0,10.0,14.0,1.0,1.0,1.0,1.0,;
0.0,10.0,15.0,1.0,1.0,1.0,1.0,;
0.0,10.0,16.0,1.0,1.0,1.0,1.0,;
0.0,11.0,0.0,1.0,1.0,1.0,1.0,;
0.0,11.0,1.0,1.0,1.0,1.0,1.0,;
0.0,11.0,2.0,1.0,1.0,1.0,1.0,;
0.0,11.0,3.0,1.0,1.0,1.0,1.0,;
0.0,11.0,4.0,1.0,1.0,1.0,1.0,;
0.0,11.0,5.0,1.0,1.0,1.0,1.0,;
0.0,11.0,6.0,1.0,1.0,1.0,1.0,;
0.0,11.0,7.0,1.0,1.0,1.0,1.0,;
0.0,11.0,8.0,1.0,1.0,1.0,1.0,;
0.0,11.0,9.0,1.0,1.0,1.0,1.0,;
0.0,11.0,10.0,1.0,1.0,1.0,1.0,;
0.0,11.0,11.0,1.0,1.0,1.0,1.0,;
0.0,11.0,12.0,1.0,1.0,1.0,1.0,;
0.0,11.0,13.0,1.0,1.0,1.0,1.0,;
0.0,11.0,14.0,1.0,1.0,1.0,1.0,;
0.0,11.0,15.0,1.0,1.0,1.0,1.0,;
0.0,11.0,16.0,1.0,1.0,1.0,1.0,;
0.0,12.0,0.0,1.0,1.0,1.0,1.0,;
0.0,12.0,1.0,1.0,1.0,1.0,1.0,;
0.0,12.0,2.0,1.0,1.0,1.0,1.0,;
0.0,12.0,3.0,1.0,1.0,1.0,1.0,;
0.0,12.0,4.0,1.0,1.0,1.0,1.0,;
0.0,12.0,5.0,1.0,1.0,1.0,1.0,;
0.0,12.0,6.0,1.0,1.0,1.0,1.0,;
0.0,12.0,7.0,1.0,1.0,1.0,1.0,;
0.0,12.0,8.0,1.0,1.0,1.0,1.0,;
0.0,12.0,9.0,1.0,1.0,1.0,1.0,;
0.0,12.0,10.0,1.0,1.0,1.0,1.0,;
0.0,12.0,11.0,1.0,1.0,1.0,1.0,;
0.0,12.0,12.0,1.0,1.0,1.0,1.0,;
0.0,12.0,13.0,1.0,1.0,1.0,1.0,;
0.0,12.0,14.0,1.0,1.0,1.0,1.0,;
0.0,12.0,15.0,1.0,1.0,1.0,1.0,;
0.0,12.0,16.0,1.0,1.0,1.0,1.0,;
0.0,13.0,0.0,1.0,1.0,1.0,1.0,;
0.0,13.0,1.0,1.0,1.0,1.0,1.0,;
0.0,13.0,2.0,1.0,1.0,1.0,1.0,;
0.0,13.0,3.0,1.0,1.0,1.0,1.0,;
0.0,13.0,4.0,1.0,1.0,1.0,1.0,;
0.0,13.0,5.0,1.0,1.0,1.0,1.0,;
0.0,13.0,6.0,1.0,1.0,1.0,1.0,;
0.0,13.0,7.0,1.0,1.0,1.0,1.0,;
0.0,13.0,8.0,1.0,1.0,1.0,1.0,;
0.0,13.0,9.0,1.0,1.0,1.0,1.0,;
0.0,13.0,10.0,1.0,1.0,1.0,1.0,;
0.0,13.0,11.0,1.0,1.0,1.0,1.0,;
0.0,13.0,12.0,1.0,1.0,1.0,1.0,;
0.0,13.0,13.0,1.0,1.0,1.0,1.0,;
0.0,13.0,14.0,1.0,1.0,1.0,1.0,;
0.0,13.0,15.0,1.0,1.0,1.0,1.0,;
0.0,13.0,16.0,1.0,1.0,1.0,1.0,;
0.0,14.0,0.0,1.0,1.0,1.0,1.0,;
0.0,14.0,1.0,1.0,1.0,1.0,1.0,;
0.0,14.0,2.0,1.0,1.0,1.0,1.0,;
0.0,14.0,3.0,1.0,1.0,1.0,1.0,;
0.0,14.0,4.0,1.0,1.0,1.0,1.0,;
0.0,14.0,5.0,1.0,1.0,1.0,1.0,;
0.0,14.0,6.0,1.0,1.0,1.0,1.0,;
0.0,14.0,7.0,1.0,1.0,1.0,1.0,;
0.0,14.0,8.0,1.0,1.0,1.0,1.0,;
0.0,14.0,9.0,1.0,1.0,1.0,1.0,;
0.0,14.0,10.0,1.0,1.0,1.0,1.0,;
0.0,14.0,11.0,1.0,1.0,1.0,1.0,;
0.0,14.0,12.0,1.0,1.0,1.0,1.0,;
0.0,14.0,13.0,1.0,1.0,1.0,1.0,;
0.0,14.0,14.0,1.0,1.0,1.0,1.0,;
0.0,14.0,15.0,1.0,1.0,1.0,1.0,;
0.0,14.0,16.0,1.0,1.0,1.0,1.0,;
0.0,15.0,0.0,1.0,1.0,1.0,1.0,;
0.0,15.0,1.0,1.0,1.0,1.0,1.0,;
0.0,15.0,2.0,1.0,1.0,1.0,1.0,;
0.0,15.0,3.0,1.0,1.0,1.0,1.0,;
0.0,15.0,4.0,1.0,1.0,1.0,1.0,;
0.0,15.0,5.0,1.0,1.0,1.0,1.0,;
0.0,15.0,6.0,1.0,1.0,1.0,1.0,;
0.0,15.0,7.0,1.0,1.0,1.0,1.0,;
0.0,15.0,8.0,1.0,1.0,1.0,1.0,;
0.0,15.0,9.0,1.0,1.0,1.0,1.0,;
0.0,15.0,10.0,1.0,1.0,1.0,1.0,;
0.0,15.0,11.0,1.0,1.0,1.0,1.0,;
0.0,15.0,12.0,1.0,1.0,1.0,1.0,;
0.0,15.0,13.0,1.0,1.0,1.0,1.0,;
0.0,15.0,14.0,1.0,1.0,1.0,1.0,;
0.0,15.0,15.0,1.0,1.0,1.0,1.0,;
0.0,15.0,16.0,1.0,1.0,1.0,1.0,;
0.0,16.0,0.0,1.0,1.0,1.0,1.0,;
0.0,16.0,1.0,1.0,1.0,1.0,1.0,;
0.0,16.0,2.0,1.0,1.0,1.0,1.0,;
0.0,16.0,3.0,1.0,1.0,1.0,1.0,;
0.0,16.0,4.0,1.0,1.0,1.0,1.0,;
0.0,16.0,5.0,1.0,1.0,1.0,1.0,;
0.0,16.0,6.0,1.0,1.0,1.0,1.0,;
0.0,16.0,7.0,1.0,1.0,1.0,1.0,;
0.0,16.0,8.0,1.0,1.0,1.0,1.0,;
0.0,16.0,9.0,1.0,1.0,1.0,1.0,;
0.0,16.0,10.0,1.0,1.0,1.0,1.0,;
0.0,16.0,11.0,1.0,1.0,1.0,1.0,;
0.0,16.0,12.0,1.0,1.0,1.0,1.0,;
0.0,16.0,13.0,1.0,1.0,1.0,1.0,;
0.0,16.0,14.0,1.0,1.0,1.0,1.0,;
0.0,16.0,15.0,1.0,1.0,1.0,1.0,;
0.0,16.0,16.0,1.0,1.0,1.0,1.0,;
0.0,17.0,0.0,1.0,1.0,1.0,1.0,;
0.0,17.0,1.0,1.0,1.0,1.0,1.0,;
0.0,17.0,2.0,1.0,1.0,1.0,1.0,;
0.0,17.0,3.0,1.0,1.0,1.0,1.0,;
0.0,17.0,4.0,1.0,1.0,1.0,1.0,;
0.0,17.0,5.0,1.0,1.0,1.0,1.0,;
0.0,17.0,6.0,1.0,1.0,1.0,1.0,;
0.0,17.0,7.0,1.0,1.0,1.0,1.0,;
0.0,17.0,8.0,1.0,1.0,1.0,1.0,;
0.0,17.0,9.0,1.0,1.0,1.0,1.0,;
0.0,17.0,10.0,1.0,1.0,1.0,1.0,;
0.0,17.0,11.0,1.0,1.0,1.0,1.0,;
0.0,17.0,12.0,1.0,1.0,1.0,1.0,;
0.0,17.0,13.0,1.0,1.0,1.0,1.0,;
0.0,17.0,14.0,1.0,1.0,1.0,1.0,;
0.0,17.0,15.0,1.0,1.0,1.0,1.0,;
0.0,17.0,16.0,1.0,1.0,1.0,1.0,;
0.0,18.0,0.0,1.0,1.0,1.0,1.0,;
0.0,18.0,1.0,1.0,1.0,1.0,1.0,;
0.0,18.0,2.0,1.0,1.0,1.0,1.0,;
0.0,18.0,3.0,1.0,1.0,1.0,1.0,;
0.0,18.0,4.0,1.0,1.0,1.0,1.0,;
0.0,18.0,5.0,1.0,1.0,1.0,1.0,;
0.0,18.0,6.0,1.0,1.0,1.0,1.0,;
0.0,18.0,7.0,1.0,1.0,1.0,1.0,;
0.0,18.0,8.0,1.0,1.0,1.0,1.0,;
0.0,18.0,9.0,1.0,1.0,1.0,1.0,;
0.0,18.0,10.0,1.0,1.0,1.0,1.0,;
0.0,18.0,11.0,1.0,1.0,1.0,1.0,;
0.0,18.0,12.0,1.0,1.0,1.0,1.0,;
0.0,18.0,13.0,1.0,1.0,1.0,1.0,;
0.0,18.0,14.0,1.0,1.0,1.0,1.0,;
0.0,18.0,15.0,1.0,1.0,1.0,1.0,;
0.0,18.0,16.0,1.0,1.0,1.0,1.0,;
1.0,0.0,0.0,-3.78398827807,-4.03426308736,-3.78732826414,-4.01673918413,;
1.0,0.0,1.0,0.88,0.486306156687,0.8704,1.0,;
1.0,0.0,2.0,0.88,0.88,0.8704,1.0,;
1.0,0.0,3.0,0.88,0.88,0.8704,1.0,;
1.0,0.0,4.0,0.88,0.88,0.8704,1.0,;
1.0,0.0,5.0,0.7624,0.88,0.8704,0.88,;
1.0,0.0,6.0,0.647152,0.7624,0.7624,0.7624,;
1.0,0.0,7.0,0.6652,0.65656,0.6386848,0.647152,;
1.0,0.0,8.0,0.551896,0.647152,0.6464608,0.647152,;
1.0,0.0,9.0,0.664432,0.551896,0.42769168,0.647152,;
1.0,0.0,10.0,0.61406848,0.65656,0.7358848,0.7624,;
1.0,0.0,11.0,0.5434288,-0.97416128,0.44847856,0.53420896,;
1.0,0.0,12.0,0.64792,0.46394416,0.639376,0.5427376,;
1.0,0.0,13.0,0.6652,0.647152,0.7624,0.7624,;
1.0,0.0,14.0,0.6652,0.647152,0.7624,0.7624,;
1.0,0.0,15.0,0.752992,0.647152,0.7624,0.7624,;
1.0,0.0,16.0,0.4235247808,0.47659312,0.303944678798,0.4235247808,;
1.0,1.0,0.0,0.65656,0.647152,0.64792,0.469624870616,;
1.0,1.0,1.0,0.7624,0.647152,0.88,0.88,;
1.0,1.0,2.0,0.7624,0.772,0.7624,0.88,;
1.0,1.0,3.0,0.6652,0.6652,0.8704,0.88,;
1.0,1.0,4.0,0.7624,0.65656,0.761632,0.88,;
1.0,1.0,5.0,0.7624,0.7624,0.7624,0.88,;
1.0,1.0,6.0,0.6748,0.6652,0.7624,0.7624,;
1.0,1.0,7.0,0.655792,0.64792,0.75376,0.6652,;
1.0,1.0,8.0,0.5349616,0.647152,0.640144,0.647152,;
1.0,1.0,9.0,0.54336736,0.65656,0.54412,0.45007792,;
1.0,1.0,10.0,0.63084736,0.5512048,0.752992,0.6748,;
1.0,1.0,11.0,0.5434288,0.56908,0.647152,0.5512048,;
1.0,1.0,12.0,0.647152,0.559672,0.55045216,0.6379936,;
1.0,1.0,13.0,0.647152,0.551896,0.7624,0.7624,;
1.0,1.0,14.0,0.647152,0.647152,0.647152,0.7624,;
1.0,1.0,15.0,0.737088227003,0.647152,0.7601417728,0.7624,;
1.0,1.0,16.0,0.32390901952,0.32390901952,0.230959388137,0.3055256224,;
1.0,2.0,0.0,0.7624,0.7624,0.6652,0.752992,;
1.0,2.0,1.0,0.88,0.6748,0.88,0.88,;
1.0,2.0,2.0,0.7624,0.7624,0.88,0.88,;
1.0,2.0,3.0,0.7624,0.7624,0.88,0.772,;
1.0,2.0,4.0,0.7624,0.6652,0.752992,0.7624,;
1.0,2.0,5.0,0.7624,0.64792,0.7624,0.88,;
1.0,2.0,6.0,0.647152,0.7624,0.7624,0.7624,;
1.0,2.0,7.0,0.64639936,0.655792,0.7624,0.75376,;
1.0,2.0,8.0,0.655792,0.64792,0.54412,0.62946496,;
1.0,2.0,9.0,0.647152,0.559672,0.64709056,0.647152,;
1.0,2.0,10.0,0.65656,0.64792,0.647152,0.7624,;
1.0,2.0,11.0,0.647152,0.647152,0.7624,0.6316,;
1.0,2.0,12.0,0.655792,0.647152,0.6379936,0.63862336,;
1.0,2.0,13.0,0.6551008,0.7624,0.75376,0.647152,;
1.0,2.0,14.0,0.647152,0.655792,0.640144,0.647152,;
1.0,2.0,15.0,0.464087082237,0.655792,0.56908,0.65656,;
1.0,2.0,16.0,-0.291699657591,-0.278860759774,-0.35106697125,-0.872641376,;
1.0,3.0,0.0,0.772,0.7624,0.772,0.8704,;
1.0,3.0,1.0,0.7624,0.7624,0.88,0.88,;
1.0,3.0,2.0,0.7624,0.7624,0.88,0.88,;
1.0,3.0,3.0,0.7624,0.7624,0.761632,0.88,;
1.0,3.0,4.0,0.7624,0.7624,0.75376,0.772,;
1.0,3.0,5.0,0.7624,0.7624,0.75376,0.7624,;
1.0,3.0,6.0,0.772,0.7624,0.772,0.75376,;
1.0,3.0,7.0,0.7624,0.772,0.7624,0.772,;
1.0,3.0,8.0,0.55891936,0.6652,0.7624,0.64792,;
1.0,3.0,9.0,0.6457696,0.551896,0.752992,0.647152,;
1.0,3.0,10.0,0.6652,0.647152,0.640144,0.75376,;
1.0,3.0,11.0,0.655792,-1.3252,0.7624,0.752992,;
1.0,3.0,12.0,0.6652,0.640144,0.655792,0.647152,;
1.0,3.0,13.0,0.655792,0.647152,0.6379936,0.75376,;
1.0,3.0,14.0,0.655792,0.64792,0.5349616,0.752992,;
1.0,3.0,15.0,0.495258235097,0.647152,0.526274305331,0.744352,;
1.0,3.0,16.0,-0.47304127204,-0.478148351151,-0.460121467651,-0.487549494992,;
1.0,4.0,0.0,0.772,0.88,-1.02,1.0,;
1.0,4.0,1.0,0.88,0.88,0.88,0.8704,;
1.0,4.0,2.0,0.7624,0.88,0.88,0.88,;
1.0,4.0,3.0,0.7624,0.7624,0.752992,0.7624,;
1.0,4.0,4.0,0.6652,0.7624,0.7624,0.772,;
1.0,4.0,5.0,0.6652,0.6652,-1.02,0.7624,;
1.0,4.0,6.0,0.88,0.57772,0.88,0.761632,;
1.0,4.0,7.0,0.7624,0.772,0.88,0.8704,;
1.0,4.0,8.0,0.7624,0.7624,0.7624,0.75376,;
1.0,4.0,9.0,0.772,0.65656,0.8704,0.7624,;
1.0,4.0,10.0,0.6652,0.772,0.761632,0.6472288,;
1.0,4.0,11.0,0.772,0.65656,0.75376,0.75376,;
1.0,4.0,12.0,0.65503936,0.75376,0.6652,0.75376,;
1.0,4.0,13.0,0.647152,0.544888,-1.02,0.6386848,;
1.0,4.0,14.0,0.534153664,0.551896,0.5505136,0.64639936,;
1.0,4.0,15.0,0.617105717701,0.4562296,0.63738168832,0.54136288,;
1.0,4.0,16.0,-0.470615070603,-0.470820701875,-0.395319607535,-0.471844650578,;
1.0,5.0,0.0,1.0,1.0,1.0,1.0,;
1.0,5.0,1.0,0.88,-1.02,1.0,1.0,;
1.0,5.0,2.0,0.647152,0.88,0.88,0.88,;
1.0,5.0,3.0,0.65656,0.7624,0.752992,0.7624,;
1.0,5.0,4.0,-2.838,0.7624,0.7444288,0.88,;
1.0,5.0,5.0,1.0,1.0,1.0,1.0,;
1.0,5.0,6.0,0.88,-1.02,0.8704,0.8704,;
1.0,5.0,7.0,0.772,0.772,0.8704,0.88,;
1.0,5.0,8.0,0.65656,0.772,0.8704,0.88,;
1.0,5.0,9.0,0.65656,0.772,0.7624,0.772,;
1.0,5.0,10.0,0.6748,0.7624,0.75376,0.772,;
1.0,5.0,11.0,0.6652,0.7624,0.744352,0.7624,;
1.0,5.0,12.0,-2.838,0.761632,0.6379936,0.88,;
1.0,5.0,13.0,1.0,1.0,1.0,1.0,;
1.0,5.0,14.0,0.638314297549,-2.838,0.744352,0.6309088,;
1.0,5.0,15.0,0.641183678871,0.5589808,0.646233693184,0.539951847424,;
1.0,5.0,16.0,-0.378782265321,-0.343310179434,-1.6619404576,-0.348295037407,;
1.0,6.0,0.0,0.88,0.88,0.8704,1.0,;
1.0,6.0,1.0,0.88,0.88,0.7624,1.0,;
1.0,6.0,2.0,0.7624,0.772,0.8704,0.7624,;
1.0,6.0,3.0,0.7624,0.6652,0.744352,0.772,;
1.0,6.0,4.0,0.6748,0.65656,0.6386848,0.772,;
1.0,6.0,5.0,0.88,0.56044,0.88,-1.02,;
1.0,6.0,6.0,0.7624,0.88,0.8704,0.88,;
1.0,6.0,7.0,0.7624,0.772,0.8704,0.7624,;
1.0,6.0,8.0,0.65656,0.7624,0.761632,0.88,;
1.0,6.0,9.0,0.647152,0.6748,0.56044,0.65656,;
1.0,6.0,10.0,0.7624,0.443692,0.74512,0.75376,;
1.0,6.0,11.0,0.64792,0.655792,0.761632,0.7624,;
1.0,6.0,12.0,-1.14119504,0.647152,0.74429056,0.75376,;
1.0,6.0,13.0,0.65656,0.647152,0.744352,-2.838,;
1.0,6.0,14.0,0.459058767908,0.647152,0.75376,0.761632,;
1.0,6.0,15.0,0.548072370378,0.561304,0.63682104832,0.647152,;
1.0,6.0,16.0,0.216722460383,0.158277879532,0.196527330266,0.0775311382636,;
1.0,7.0,0.0,0.88,0.88,0.75376,0.88,;
1.0,7.0,1.0,0.772,0.772,0.88,0.88,;
1.0,7.0,2.0,0.7624,0.772,0.772,0.7624,;
1.0,7.0,3.0,0.6464608,0.7624,0.7624,0.7624,;
1.0,7.0,4.0,0.64792,0.6652,0.648016,0.64792,;
1.0,7.0,5.0,0.7624,0.655792,0.752992,0.6652,;
1.0,7.0,6.0,0.7624,0.655792,0.752992,0.88,;
1.0,7.0,7.0,0.7624,0.6652,0.744352,0.772,;
1.0,7.0,8.0,0.64792,0.64792,0.74512,0.7624,;
1.0,7.0,9.0,0.772,0.647152,0.62168896,0.65656,;
1.0,7.0,10.0,0.655792,0.664432,0.64570816,0.655792,;
1.0,7.0,11.0,0.645721984,0.64792,0.74512,0.6652,;
1.0,7.0,12.0,0.6652,0.65656,0.62253568,0.6551008,;
1.0,7.0,13.0,0.64792,0.6652,0.637185664,0.647152,;
1.0,7.0,14.0,0.65656,0.65656,0.6274334464,0.6652,;
1.0,7.0,15.0,0.7107417088,0.64792,0.6280499968,0.559672,;
1.0,7.0,16.0,0.122600385361,0.154525631799,0.175276691146,0.120176057923,;
1.0,8.0,0.0,0.6748,0.7624,0.88,0.88,;
1.0,8.0,1.0,0.7624,0.772,0.88,0.88,;
1.0,8.0,2.0,0.7624,0.7624,0.7624,0.8704,;
1.0,8.0,3.0,0.7624,0.7624,0.65656,0.7624,;
1.0,8.0,4.0,0.647152,0.65656,0.75376,0.75376,;
1.0,8.0,5.0,0.647152,0.655792,0.752992,0.64792,;
1.0,8.0,6.0,0.64792,0.647152,0.74512,0.7624,;
1.0,8.0,7.0,0.6652,0.6652,0.64792,0.664432,;
1.0,8.0,8.0,0.541421632,0.64792,0.639376,0.647152,;
1.0,8.0,9.0,0.431316064,0.44230192,0.423789891328,-1.228,;
1.0,8.0,10.0,0.5434288,0.430987755674,0.52097248,0.544888,;
1.0,8.0,11.0,0.54267616,0.5427376,0.647152,0.647152,;
1.0,8.0,12.0,0.5321823616,0.5512048,0.6464608,0.561304,;
1.0,8.0,13.0,0.5335509376,0.551896,0.502545088,0.54280672,;
1.0,8.0,14.0,0.54198496,0.55114336,0.504356032,0.55045216,;
1.0,8.0,15.0,0.559494103859,0.53559136,0.5163088768,0.54267616,;
1.0,8.0,16.0,0.209461578227,0.131854805803,0.164747608562,0.134241749175,;
1.0,9.0,0.0,0.88,1.0,1.0,0.88,;
1.0,9.0,1.0,0.772,0.88,0.88,1.0,;
1.0,9.0,2.0,0.7624,0.772,0.7624,0.88,;
1.0,9.0,3.0,0.64792,0.7624,0.664432,0.75376,;
1.0,9.0,4.0,0.65656,0.655792,0.752992,0.75376,;
1.0,9.0,5.0,0.7624,0.6652,0.74512,0.65656,;
1.0,9.0,6.0,0.647152,0.65656,0.75376,0.761632,;
1.0,9.0,7.0,0.65573056,0.655792,0.63862336,0.64792,;
1.0,9.0,8.0,0.55891936,0.64792,0.64570816,0.647152,;
1.0,9.0,9.0,0.447469257103,0.54412,0.51001833472,0.417403936,;
1.0,9.0,10.0,0.44085808,0.52518153472,0.441417056205,0.51840736,;
1.0,9.0,11.0,0.55891936,0.54412,0.53420896,0.53490016,;
1.0,9.0,12.0,0.52584646912,0.54412,0.5233072768,0.54412,;
1.0,9.0,13.0,0.426380799285,0.5342704,0.502258668544,0.4400756416,;
1.0,9.0,14.0,0.43498877326,0.45344904064,0.527272,0.45623728,;
1.0,9.0,15.0,0.403703304023,0.441555424,0.51174460672,0.53881297193,;
1.0,9.0,16.0,0.00696087630385,0.105090445899,0.0746978829009,0.0564019392659,;
1.0,10.0,0.0,1.0,1.0,1.0,1.0,;
1.0,10.0,1.0,0.88,3.6558,1.0,1.0,;
1.0,10.0,2.0,0.7624,0.8504,0.8704,0.88,;
1.0,10.0,3.0,0.7624,0.7624,0.6652,0.744352,;
1.0,10.0,4.0,0.647152,0.7624,0.752992,0.7624,;
1.0,10.0,5.0,0.647152,0.6652,0.7624,0.7624,;
1.0,10.0,6.0,0.647152,0.6652,0.637185664,0.65656,;
1.0,10.0,7.0,0.54198496,0.647152,0.525745216,0.64792,;
1.0,10.0,8.0,0.44587030912,0.6386848,0.533526275584,0.639376,;
1.0,10.0,9.0,0.3598272352,0.54267616,0.50978132224,0.4436488,;
1.0,10.0,10.0,0.525911104,0.51704403712,0.49485008896,0.433127008,;
1.0,10.0,11.0,0.439558624,0.44085808,0.53420896,0.52721056,;
1.0,10.0,12.0,0.457581664,0.432560224,0.5106652288,0.432560224,;
1.0,10.0,13.0,0.4394984128,0.42239128192,0.523934272,0.44938672,;
1.0,10.0,14.0,0.5433071488,0.53559136,0.5175530368,0.440802784,;
1.0,10.0,15.0,0.415897460237,0.5427376,0.530935381504,0.446123039488,;
1.0,10.0,16.0,0.00436094294514,0.0275246622884,-0.015734753023,0.0492180218848,;
1.0,11.0,0.0,0.88,1.0,1.0,1.0,;
1.0,11.0,1.0,0.88,0.88,0.88,1.02896,;
1.0,11.0,2.0,0.772,0.772,0.88,0.88,;
1.0,11.0,3.0,0.7624,0.6652,0.75376,0.75376,;
1.0,11.0,4.0,0.7624,0.761632,0.648016,0.75376,;
1.0,11.0,5.0,0.7358848,0.7624,0.744352,0.7624,;
1.0,11.0,6.0,0.53358688,-1.038368,0.6309088,0.55183456,;
1.0,11.0,7.0,0.534153664,0.445312864,0.517046464,0.4555384,;
1.0,11.0,8.0,0.51828620032,-1.4212117664,0.53511712,0.53358688,;
1.0,11.0,9.0,0.533631808,0.33322889152,0.401730208,0.43831203712,;
1.0,11.0,10.0,0.424773856,0.338418352,0.4318226368,-1.12,;
1.0,11.0,11.0,0.4381989568,0.41595883648,0.51959008,0.433182304,;
1.0,11.0,12.0,0.439620064,0.4236906688,0.520909504,0.4326106048,;
1.0,11.0,13.0,0.4381989568,0.432560224,0.5119696,0.42422061952,;
1.0,11.0,14.0,0.434351744125,0.430519469824,0.502261696,0.53433952,;
1.0,11.0,15.0,0.416063268279,0.541929664,0.395140674304,0.443448314487,;
1.0,11.0,16.0,-0.0893958336579,-0.0646859804688,-0.102562228936,-0.0538882037671,;
1.0,12.0,0.0,0.88,1.0,1.0,1.0,;
1.0,12.0,1.0,0.88,0.88,0.7624,0.88,;
1.0,12.0,2.0,0.655792,0.772,0.8704,0.88,;
1.0,12.0,3.0,0.7624,0.56908,0.7624,0.761632,;
1.0,12.0,4.0,0.64792,0.65656,0.75376,0.7624,;
1.0,12.0,5.0,0.7624,0.655792,0.4124845888,0.664432,;
1.0,12.0,6.0,0.647152,0.5597488,0.6309088,0.64709056,;
1.0,12.0,7.0,0.5334713728,0.551896,0.6309088,0.42748336,;
1.0,12.0,8.0,0.533656,0.448553824,0.518912704,0.53572192,;
1.0,12.0,9.0,0.4153973056,0.447240544,0.403910689024,0.34576690624,;
1.0,12.0,10.0,0.432560224,0.3547758688,0.4274007616,0.525911104,;
1.0,12.0,11.0,-1.35106103936,0.432504928,0.647152,0.4230444736,;
1.0,12.0,12.0,0.5259061888,0.45547696,0.4237044928,0.4236323392,;
1.0,12.0,13.0,0.4235303104,0.354703024,0.53427808,0.4330115008,;
1.0,12.0,14.0,0.424760806144,0.3407517664,0.421036067584,0.4311452608,;
1.0,12.0,15.0,0.26323385226,0.34569916864,0.443421628969,0.432628582525,;
1.0,12.0,16.0,-0.165751766306,-0.184109173598,-0.181987499951,-0.16326782573,;
1.0,13.0,0.0,0.88,1.0,3.18,1.0,;
1.0,13.0,1.0,0.7624,0.772,0.88,0.88,;
1.0,13.0,2.0,0.647152,0.7624,0.8704,0.88,;
1.0,13.0,3.0,0.647152,0.6652,0.7624,0.7624,;
1.0,13.0,4.0,0.6378166528,0.64792,0.639376,0.75376,;
1.0,13.0,5.0,0.534844864,-1.231688,0.4300310464,0.5434288,;
1.0,13.0,6.0,0.54336736,0.4646968,0.53150117632,0.54336736,;
1.0,13.0,7.0,0.5244463744,0.455421664,0.52790176,0.5419800448,;
1.0,13.0,8.0,0.4145485888,0.4484183488,0.4236472,0.518974144,;
1.0,13.0,9.0,0.4153475392,0.360346672,0.40726098304,0.311851921024,;
1.0,13.0,10.0,0.41487835264,0.352221616,0.422400219904,0.432504928,;
1.0,13.0,11.0,0.4166165824,0.3462181216,0.510559552,0.525911104,;
1.0,13.0,12.0,0.430258528,0.35347440832,0.410873077504,0.4179693376,;
1.0,13.0,13.0,0.4472344,0.4332376,0.52021216,0.4249628224,;
1.0,13.0,14.0,0.4253910208,0.44154928,0.40685041024,0.42342082432,;
1.0,13.0,15.0,0.540807258973,0.4305231808,0.490866343825,0.521871776742,;
1.0,13.0,16.0,-0.19541398145,-0.19541398145,-0.277493277298,-0.189851591473,;
1.0,14.0,0.0,1.0,1.0,1.0,1.0,;
1.0,14.0,1.0,0.88,6.9078,1.0,0.88,;
1.0,14.0,2.0,0.7624,1.16312,0.88,0.88,;
1.0,14.0,3.0,0.65656,0.574392,0.7624,0.7624,;
1.0,14.0,4.0,0.647152,0.56044,0.53559136,0.647152,;
1.0,14.0,5.0,0.5329648,0.44085808,0.518857408,0.525911104,;
1.0,14.0,6.0,0.44661232,0.432560224,0.501153910927,0.52090336,;
1.0,14.0,7.0,0.4395606208,0.43741762432,0.52803232,0.432622432,;
1.0,14.0,8.0,0.432560224,0.340861412224,0.4173437248,0.42408831616,;
1.0,14.0,9.0,0.4223552704,0.3245832928,0.415447072,0.322168588365,;
1.0,14.0,10.0,0.41478324352,0.32324519104,0.422752178944,0.403910689024,;
1.0,14.0,11.0,0.4306959808,0.323290140544,0.4197093568,0.41656239232,;
1.0,14.0,12.0,0.4166663488,0.35188934848,0.41786123392,0.332710768,;
1.0,14.0,13.0,0.416611765504,0.3401898976,0.41533869184,0.40865133952,;
1.0,14.0,14.0,0.419451342899,0.34442570176,0.3966011584,0.4236906688,;
1.0,14.0,15.0,0.443021482392,0.3440830816,0.404148497507,0.365116767616,;
1.0,14.0,16.0,-0.168879058029,-0.202881162035,-0.222319045638,-0.173138713579,;
1.0,15.0,0.0,0.88,1.0,1.0,1.0,;
1.0,15.0,1.0,0.88,0.88,0.88,0.88,;
1.0,15.0,2.0,0.761632,0.772,0.88,0.88,;
1.0,15.0,3.0,0.75376,0.6652,0.640144,0.639376,;
1.0,15.0,4.0,0.64709056,0.5582896,0.647152,0.647152,;
1.0,15.0,5.0,0.4191477568,0.5434288,0.6386848,0.525289024,;
1.0,15.0,6.0,0.417276086733,0.463888864,0.50434912,0.43747292032,;
1.0,15.0,7.0,0.4234750144,0.4555384,0.44875123072,0.5119696,;
1.0,15.0,8.0,0.40836794752,0.44085808,0.43312811392,0.422465248,;
1.0,15.0,9.0,0.4086881728,0.354025648,0.235532391155,0.3237696736,;
1.0,15.0,10.0,0.42434704,0.3337703008,0.407811614464,0.423519963904,;
1.0,15.0,11.0,0.42437053312,0.3470447968,0.392371588864,0.324572848,;
1.0,15.0,12.0,0.4253910208,0.352726192,0.316017852544,0.4166718784,;
1.0,15.0,13.0,0.3170052448,0.416111392,0.322118298429,0.32390901952,;
1.0,15.0,14.0,0.43199344,0.243413981632,0.415711202983,0.4262392,;
1.0,15.0,15.0,0.325385535135,0.433182304,0.331499245762,0.424173845248,;
1.0,15.0,16.0,-0.0812149021022,-0.181949933294,-0.147750315395,-0.1407020338,;
1.0,16.0,0.0,0.88,1.0,1.0,1.0,;
1.0,16.0,1.0,0.88,0.88,0.916398886813,0.88,;
1.0,16.0,2.0,0.772,0.772,0.7624,0.8704,;
1.0,16.0,3.0,0.647152,0.6652,0.6652,0.6386848,;
1.0,16.0,4.0,0.65656,0.4646968,0.75894904361,0.7624,;
1.0,16.0,5.0,0.534789568,0.552664,0.64639936,0.52602784,;
1.0,16.0,6.0,0.53532710656,0.4576984,0.54983008,0.530310592,;
1.0,16.0,7.0,0.5252288128,0.4476303808,0.5395878016,0.438259168,;
1.0,16.0,8.0,0.416007891712,0.4255016128,0.4473082816,0.511914304,;
1.0,16.0,9.0,0.4210862272,0.35360684992,0.332552989675,0.3132712096,;
1.0,16.0,10.0,0.328870681984,0.3382399456,0.413322261495,0.4104852928,;
1.0,16.0,11.0,0.308741537613,0.252263232233,0.40626703744,0.309598510106,;
1.0,16.0,12.0,0.226343239791,0.237242688479,0.201428885406,0.3120519328,;
1.0,16.0,13.0,0.315661932928,0.230240504961,0.231514026086,0.3115620448,;
1.0,16.0,14.0,0.325009967929,0.31351827904,0.326633005221,0.417231136,;
1.0,16.0,15.0,0.323196784505,0.246964883005,0.280965551217,0.328222148992,;
1.0,16.0,16.0,0.0108205779001,0.00640374159147,-1.97671526685,-0.0158556789277,;
1.0,17.0,0.0,1.0,1.0,1.0,1.0,;
1.0,17.0,1.0,0.88,1.0,2.09939388596,1.0,;
1.0,17.0,2.0,0.65656,0.772,0.875616,0.88,;
1.0,17.0,3.0,0.7624,0.7624,0.717241982464,0.752992,;
1.0,17.0,4.0,0.647152,0.7624,0.687221686528,0.7624,;
1.0,17.0,5.0,0.6386848,0.647152,0.7438336,0.6294047488,;
1.0,17.0,6.0,0.52572351232,0.551896,0.5975649664,0.5427376,;
1.0,17.0,7.0,0.4370294464,0.5598448,0.581581886464,0.519534784,;
1.0,17.0,8.0,0.534687223915,0.5335957888,0.432590283044,0.50231567104,;
1.0,17.0,9.0,0.518071215616,0.466883326597,0.219311836331,0.401483636992,;
1.0,17.0,10.0,0.300458806426,0.3615983584,0.184758084107,0.431882848,;
1.0,17.0,11.0,0.139681454789,0.256319562688,-1.0376,0.313327529344,;
1.0,17.0,12.0,0.230021824683,0.220867414121,0.115470030101,0.205686397301,;
1.0,17.0,13.0,0.223606444326,0.307215007171,0.166744834073,0.210318257729,;
1.0,17.0,14.0,0.230310892881,0.21375543298,0.186043147516,0.408184288,;
1.0,17.0,15.0,0.147529864507,0.237731098393,0.18063664527,0.223915307209,;
1.0,17.0,16.0,0.120892098031,0.161498286194,-0.0339485533551,0.0575641021788,;
1.0,18.0,0.0,1.75572785419,0.90662272,1.0,4.44045822834,;
1.0,18.0,1.0,0.88,13.766683763,2.18889568,1.0,;
1.0,18.0,2.0,0.6130424,1.50395950278,0.88,0.6652,;
1.0,18.0,3.0,0.41539288192,0.385031140223,0.315054285184,0.315054285184,;
1.0,18.0,4.0,-1.12,0.18668863024,0.21070957577,0.171858930999,;
1.0,18.0,5.0,0.62946496,0.51877798912,0.5349616,0.53420896,;
1.0,18.0,6.0,0.40280869504,0.498988,0.4235247808,0.203601843025,;
1.0,18.0,7.0,0.166854362028,0.25428360544,0.214065545306,0.196914281056,;
1.0,18.0,8.0,0.0847118119649,0.00391063742944,0.0117242976668,0.021891145043,;
1.0,18.0,9.0,-0.49882565055,-1.08071162332,-0.478148351151,-0.431870781016,;
1.0,18.0,10.0,-0.441710504167,-0.473168026337,-0.385692921386,-0.383749562032,;
1.0,18.0,11.0,-0.376765725795,-0.4438179699,-0.385865664439,-0.398555076226,;
1.0,18.0,12.0,-0.402232327148,-0.458282895612,-0.45594848383,-0.380395061814,;
1.0,18.0,13.0,-0.421000671764,-0.479090425662,-0.47239117894,-0.408914782601,;
1.0,18.0,14.0,-0.562902688469,-0.513601619248,-0.547571144151,-0.569535368556,;
1.0,18.0,15.0,-0.613836581959,-0.533487340021,-0.454332394781,-0.478470985966,;
1.0,18.0,16.0,-1.57779622648,-1.51816039233,-1.58827003789,-1.61757987851,;
2.0,0.0,0.0,0.298493656,0.3246330592,0.2412157168,0.22116213088,;
2.0,0.0,1.0,0.50778064384,0.07120413208,0.63731008,0.3629133664,;
2.0,0.0,2.0,0.358358632447,0.37354264,0.505560448,0.44876464,;
2.0,0.0,3.0,0.316811067028,0.4009228,0.327953626086,0.218449937946,;
2.0,0.0,4.0,0.34261065833,0.3539879008,0.308631828198,0.375885774208,;
2.0,0.0,5.0,0.3533068,0.299887748001,0.229927991272,0.14638198384,;
2.0,0.0,6.0,0.12236128824,0.2545881904,0.159271369665,0.318270677171,;
2.0,0.0,7.0,0.192151787099,0.0311105874275,0.134353844283,0.210834965594,;
2.0,0.0,8.0,0.218667580818,0.082735822053,0.0323565467811,0.20875319948,;
2.0,0.0,9.0,0.12462655713,0.100602009935,0.105919447571,0.010140539813,;
2.0,0.0,10.0,0.0486239500693,0.0563054782555,0.00750600577259,-0.0122627678211,;
2.0,0.0,11.0,-0.408357248448,-0.0263931181735,-0.0378420973982,-0.175237159856,;
2.0,0.0,12.0,-0.355379662655,-0.312851017359,-0.357937666554,-0.3233234227,;
2.0,0.0,13.0,-0.459188096476,-0.391136948761,-0.37989067581,-0.367579871952,;
2.0,0.0,14.0,-0.387334035339,-0.569583356594,-0.429109675639,-0.36219069461,;
2.0,0.0,15.0,-0.34861100583,-0.46132616537,-0.321334608861,-0.355492330302,;
2.0,0.0,16.0,-0.801330278088,-0.794902457287,-0.839862212772,-0.805070601385,;
2.0,1.0,0.0,0.37160728,0.334010224,0.43239052672,0.4237498432,;
2.0,1.0,1.0,0.4410149056,0.52671904,0.33798447808,0.5264232064,;
2.0,1.0,2.0,0.324814094157,0.368195248,0.41309360512,0.34864651456,;
2.0,1.0,3.0,0.413383444081,0.314502921856,0.3720652,0.3484946656,;
2.0,1.0,4.0,0.262135194606,0.360192623488,0.41610758272,0.422515598387,;
2.0,1.0,5.0,0.196906709278,0.265381010878,0.199885307473,0.21603347872,;
2.0,1.0,6.0,0.100441986964,0.0841673169363,0.11256104995,0.181286393531,;
2.0,1.0,7.0,0.090106020679,0.136384870889,0.13802423867,0.107807622151,;
2.0,1.0,8.0,0.0510166265194,0.141849998538,0.129785642362,0.10150593496,;
2.0,1.0,9.0,-0.0698379975529,0.0903908301345,0.107129722728,0.149612769453,;
2.0,1.0,10.0,-0.0940139661227,0.0301590790983,-0.126803010818,-0.00453136577125,;
2.0,1.0,11.0,-0.329596809224,-0.0943074159242,-0.152643581231,-0.169603753417,;
2.0,1.0,12.0,-0.249381586057,-0.234208898854,-0.298626042926,-0.313105841081,;
2.0,1.0,13.0,-0.282556260306,-0.258795720599,-0.410090255903,-0.319081762474,;
2.0,1.0,14.0,-0.437183692854,-0.358448093001,-0.517450289282,-0.365346822878,;
2.0,1.0,15.0,-0.411869331217,-0.400138572035,-0.467878806002,-0.386617058396,;
2.0,1.0,16.0,-0.902732738738,-0.966369339921,-0.892349238988,-0.895817357773,;
2.0,2.0,0.0,0.34311974848,0.5349616,0.534291904,0.518968,;
2.0,2.0,1.0,0.440428768,0.3521165536,0.43731664,0.517786048,;
2.0,2.0,2.0,0.34318036672,0.566812864,0.5448976,0.17003579824,;
2.0,2.0,3.0,0.43125142912,0.1901347288,0.3750885856,0.43943426944,;
2.0,2.0,4.0,0.23427717472,0.2512645552,0.52721056,0.534844864,;
2.0,2.0,5.0,0.3372861664,0.32652814912,0.174105532,0.31110821933,;
2.0,2.0,6.0,0.281496089049,0.3481486432,0.325410644608,-0.0464035406337,;
2.0,2.0,7.0,0.110713320522,0.154912212294,0.202846929122,0.106237762095,;
2.0,2.0,8.0,0.0189140135121,0.0686992114605,0.0949847759609,0.159839295251,;
2.0,2.0,9.0,0.0941626087184,0.00244783860915,-0.0234742487078,0.0198602321902,;
2.0,2.0,10.0,-0.101893011797,-0.0514467484117,-0.0978496140289,-0.0181841874457,;
2.0,2.0,11.0,-0.108421364766,-0.129754983937,-0.177884006145,-0.265704166346,;
2.0,2.0,12.0,-0.250416312512,-0.23751933385,-0.469158889638,-0.288035286461,;
2.0,2.0,13.0,-0.344749806238,-0.417290983816,-0.321479226182,-0.264014891233,;
2.0,2.0,14.0,-0.435618699562,-0.46533015366,-0.471529542868,-0.463867819993,;
2.0,2.0,15.0,-0.459774239501,-0.404963794443,-0.38860669025,-0.372534844861,;
2.0,2.0,16.0,-1.07270702443,-1.03056811893,-1.06221716277,-1.08935483161,;
2.0,3.0,0.0,0.536344,0.55114336,0.5434288,0.622324864,;
2.0,3.0,1.0,0.45707632,0.664432,0.559672,0.5413883776,;
2.0,3.0,2.0,0.337118128,0.536344,0.53234272,0.537112,;
2.0,3.0,3.0,0.1419945292,0.3614912992,0.24836019424,0.390432168755,;
2.0,3.0,4.0,0.416638599989,0.201300411616,0.639376,0.3535756,;
2.0,3.0,5.0,0.202580813169,0.44661232,0.34766245312,0.4019148352,;
2.0,3.0,6.0,0.0372174531679,0.33321371968,0.3250331872,0.295403494634,;
2.0,3.0,7.0,0.0454117549777,0.14266221894,0.0226308929923,0.102363053566,;
2.0,3.0,8.0,0.0457408982598,-0.0365609811739,0.130560190647,0.0859704584451,;
2.0,3.0,9.0,-0.0708054466138,-0.0271754295643,0.0959962940933,0.0242136365968,;
2.0,3.0,10.0,-0.125039191761,-0.0408531346773,-0.299310279688,-0.0635222653692,;
2.0,3.0,11.0,-0.356834982793,-0.233779641735,-0.152190239877,-0.181577853992,;
2.0,3.0,12.0,-0.180629093689,-0.268634067533,-0.408058337218,-0.336390192611,;
2.0,3.0,13.0,-0.385463057739,-0.211849984497,-0.291651269328,-0.263517162281,;
2.0,3.0,14.0,-0.403668732413,-0.427532958201,-0.378143336419,-0.512091853241,;
2.0,3.0,15.0,-0.444211984311,-0.459830833594,-0.474515086528,-0.422017409763,;
2.0,3.0,16.0,-1.06228606831,-1.09493414213,-1.10133694063,-1.10860059008,;
2.0,4.0,0.0,0.64792,0.647152,-1.02,0.55058272,;
2.0,4.0,1.0,0.6457696,0.551088064,0.64792,0.6652,;
2.0,4.0,2.0,0.4310954944,0.5364304,0.542682304,0.622269568,;
2.0,4.0,3.0,0.44098864,0.354976048,0.42313743232,0.207076606927,;
2.0,4.0,4.0,0.54142432,0.430893000448,0.532798912,0.517730752,;
2.0,4.0,5.0,0.412598879302,0.369934893338,-2.838,0.505599424,;
2.0,4.0,6.0,0.274598147585,0.25774469344,0.249752661092,0.331172279066,;
2.0,4.0,7.0,-0.000860194712252,0.073468407036,0.178481456088,0.0886493869138,;
2.0,4.0,8.0,-0.125686409267,-0.0276335965621,0.0568550918798,0.141125135939,;
2.0,4.0,9.0,-0.0933089394517,-0.133345250387,0.00552261692436,0.000995256391782,;
2.0,4.0,10.0,-0.228429850484,-0.136729723645,-0.29009049035,-0.155371282885,;
2.0,4.0,11.0,-0.13082439172,-0.267748991814,-0.165247525764,-0.309012470912,;
2.0,4.0,12.0,-0.241962135313,-0.187076552262,-0.228559670233,-0.177336854028,;
2.0,4.0,13.0,-0.359734133178,-0.114708699699,-10.504562358,-0.156449137368,;
2.0,4.0,14.0,-0.427110684968,-0.416766621165,-0.368085663773,-0.481629049378,;
2.0,4.0,15.0,-0.684704958857,-0.476027136208,-0.531101005098,-0.415537474627,;
2.0,4.0,16.0,-1.18789832212,-1.11504443869,-1.22479354424,-1.11568558778,;
2.0,5.0,0.0,1.0,1.0,1.0,1.0,;
2.0,5.0,1.0,0.772,-4.4742,0.5378896,0.772,;
2.0,5.0,2.0,0.6301512448,0.481708,0.42831376,0.6457696,;
2.0,5.0,3.0,0.47241136,0.536365504,0.5286544,0.3314486368,;
2.0,5.0,4.0,-4.4742,0.4401204928,0.525911104,0.51972064,;
2.0,5.0,5.0,1.0,1.0,1.0,1.0,;
2.0,5.0,6.0,0.279869733249,-9.53840262,0.377107194259,0.31028146624,;
2.0,5.0,7.0,0.18951173346,0.115593511162,0.11700217619,0.108324268087,;
2.0,5.0,8.0,0.109826979798,0.0901410343943,0.106983875084,0.058325516815,;
2.0,5.0,9.0,0.0156937841867,-0.027579944066,0.0193172193275,-0.0591609087749,;
2.0,5.0,10.0,-0.209543020279,-0.206080511178,-0.18870433553,-0.176919092303,;
2.0,5.0,11.0,-0.180005194245,-0.237464952012,-0.199492100914,-0.205342951752,;
2.0,5.0,12.0,-9.53840262,-0.128770311292,-0.0495584808966,-0.148941556762,;
2.0,5.0,13.0,1.0,1.0,1.0,1.0,;
2.0,5.0,14.0,-0.411337014502,-11.3741061222,-0.369926196862,-0.487025733086,;
2.0,5.0,15.0,-0.640823588938,-0.565529922237,-0.582701772683,-0.56437454752,;
2.0,5.0,16.0,-1.09595051326,-1.10557423009,-1.13740316155,-1.17265950148,;
2.0,6.0,0.0,0.7624,0.88,0.8704,-1.02,;
2.0,6.0,1.0,0.4576984,0.6748,0.6457696,0.640144,;
2.0,6.0,2.0,0.544888,0.4811128,0.4492312,0.448312672,;
2.0,6.0,3.0,0.5427714688,0.54289312,0.6386848,0.35246968,;
2.0,6.0,4.0,0.412717371136,0.434743648,0.427505824,0.25337682016,;
2.0,6.0,5.0,0.40651666432,0.1557709768,0.4098860992,-1.02,;
2.0,6.0,6.0,0.210038002149,0.18705988144,0.19426006934,0.177120352277,;
2.0,6.0,7.0,0.11804711221,0.09375406648,0.00664523133005,0.0333272233437,;
2.0,6.0,8.0,-0.0123487590798,0.0452427951726,0.0735372378703,0.0826855210397,;
2.0,6.0,9.0,-0.129912451426,0.0441973234835,-0.103927630864,0.0438292967392,;
2.0,6.0,10.0,-0.143444519497,0.0330601187288,-0.40544128976,-0.243840773086,;
2.0,6.0,11.0,-0.364002151275,-0.159126165592,-0.233036111242,-0.35824158349,;
2.0,6.0,12.0,-0.273134860082,-0.290729349211,-0.367968180842,-0.31696538918,;
2.0,6.0,13.0,-0.248277101383,-0.39253307858,-0.394128276394,-8.4648918,;
2.0,6.0,14.0,-0.648121027838,-0.502468618398,-0.53861855005,-0.573630768654,;
2.0,6.0,15.0,-0.587670346507,-0.734224286505,-0.586226250874,-0.703688110652,;
2.0,6.0,16.0,-1.02134269673,-1.05535893563,-1.22260336868,-1.18339218375,;
2.0,7.0,0.0,0.761632,0.88,0.768672,0.88,;
2.0,7.0,1.0,0.65573056,0.6748,0.6316,0.664432,;
2.0,7.0,2.0,0.5279632,0.56044,0.6472288,0.4192583488,;
2.0,7.0,3.0,0.52646854912,0.456174304,0.52103392,0.5434288,;
2.0,7.0,4.0,0.42495269632,0.441493984,0.411278560307,0.31832865088,;
2.0,7.0,5.0,0.127152897292,0.369943984,0.0872496529072,0.313021361536,;
2.0,7.0,6.0,0.143711122012,0.102139093936,0.104738060395,0.0281328845174,;
2.0,7.0,7.0,-0.0721117871352,0.00297839069152,0.00144837797795,-0.0680688253441,;
2.0,7.0,8.0,-0.166532702154,-0.172304280407,-0.147630308632,-0.0707640654898,;
2.0,7.0,9.0,-0.273019195314,-0.23396108921,-0.308853594382,-0.213087731467,;
2.0,7.0,10.0,-0.300956315353,-0.412885973799,-0.458196631817,-0.234223915878,;
2.0,7.0,11.0,-0.289532016593,-0.356863058286,-0.259473341336,-0.472524870288,;
2.0,7.0,12.0,-0.362384669609,-0.437043984044,-0.669424036594,-0.359318357919,;
2.0,7.0,13.0,-0.540760811285,-0.540681089142,-0.471577636739,-0.48960528845,;
2.0,7.0,14.0,-0.61726694807,-0.56887483279,-0.592959414887,-0.691728963026,;
2.0,7.0,15.0,-0.969023024472,-0.62116294426,-0.662546631376,-0.552361179226,;
2.0,7.0,16.0,-1.21398298402,-1.17528024731,-1.42873779683,-1.33534617394,;
2.0,8.0,0.0,0.7624,0.88,0.92096,0.88,;
2.0,8.0,1.0,0.63820864,0.6748,0.66491712,0.655792,;
2.0,8.0,2.0,0.53420896,0.465388,0.552664,0.5387632,;
2.0,8.0,3.0,0.514661102387,0.28600876,0.5357392,0.44847856,;
2.0,8.0,4.0,0.30675779776,0.2654621488,0.295563541068,0.236778797555,;
2.0,8.0,5.0,0.181184783846,0.0189908394717,0.103310210184,0.0780816908282,;
2.0,8.0,6.0,-0.0829449621616,-0.104525421277,0.000691360968857,0.0860916352192,;
2.0,8.0,7.0,-0.125556992597,-0.176730994503,-0.119350566838,-0.141694247379,;
2.0,8.0,8.0,-0.182652429357,-0.281819981443,-0.182268677225,-0.280260298271,;
2.0,8.0,9.0,-0.389406680449,-0.308053320573,-0.448562288466,-0.295451018655,;
2.0,8.0,10.0,-0.418201610416,-0.429869658983,-0.347669906163,-0.438478670721,;
2.0,8.0,11.0,-0.42121173456,-0.38556206227,-0.42051637307,-0.405012206065,;
2.0,8.0,12.0,-0.703668431848,-0.466011710243,-0.524353600511,-0.554107326417,;
2.0,8.0,13.0,-0.737276722822,-0.6312508607,-0.680043826025,-0.692518449194,;
2.0,8.0,14.0,-0.78483555382,-0.732315011163,-0.638541602012,-0.765423086257,;
2.0,8.0,15.0,-1.06536018863,-0.834044923321,-0.772602571433,-0.760073272932,;
2.0,8.0,16.0,-1.44565474617,-1.41680851863,-1.4138761022,-1.42898619195,;
2.0,9.0,0.0,0.7624,0.88,2.862,1.0,;
2.0,9.0,1.0,0.772,0.772,1.18707344,0.7624,;
2.0,9.0,2.0,0.654984064,0.6652,0.655056,0.51924448,;
2.0,9.0,3.0,0.41780212864,0.4436152,0.519099328,0.45563248,;
2.0,9.0,4.0,0.170309514189,0.2615270704,0.298823750075,0.239181126746,;
2.0,9.0,5.0,-0.0205121558685,0.16837452592,0.0354324920634,0.0218516364771,;
2.0,9.0,6.0,-0.06350242836,-0.0715327720194,-0.103010803359,-0.133911847493,;
2.0,9.0,7.0,-0.255548636676,-0.264807091216,-0.188711512278,-0.229389812021,;
2.0,9.0,8.0,-0.293850822124,-0.337285143724,-0.436458888225,-0.296730644386,;
2.0,9.0,9.0,-0.433648729885,-0.489607386747,-0.418193896994,-0.485342682027,;
2.0,9.0,10.0,-0.596383846691,-0.557645823746,-0.517139475972,-0.436903941353,;
2.0,9.0,11.0,-0.580556318479,-0.653546900057,-0.635356050989,-0.505734614224,;
2.0,9.0,12.0,-0.850075450536,-0.571242007152,-0.659114097588,-0.612820784669,;
2.0,9.0,13.0,-0.760959112761,-0.785757239416,-0.789328496831,-0.808065685037,;
2.0,9.0,14.0,-0.924544284923,-0.791522085959,-0.691772705468,-0.71382546919,;
2.0,9.0,15.0,-0.868488433382,-0.900051612251,-0.88616980068,-0.896153066284,;
2.0,9.0,16.0,-1.50341027073,-1.38524933386,-1.43879929263,-1.47046284999,;
2.0,10.0,0.0,1.0,1.0,1.0,1.0,;
2.0,10.0,1.0,0.74512,6.11269038,0.76862592,0.88,;
2.0,10.0,2.0,0.62897344,1.182098096,0.4409834176,0.752992,;
2.0,10.0,3.0,0.5434288,0.38481912,0.52540576,0.41245936,;
2.0,10.0,4.0,0.202210374592,0.3390272992,0.18112525431,0.141251692337,;
2.0,10.0,5.0,0.0886505169053,-0.0457266627272,0.0468281828062,0.0698880687476,;
2.0,10.0,6.0,-0.135421113408,-0.0364099725597,-0.290522020095,-0.0763531382602,;
2.0,10.0,7.0,-0.232920450874,-0.192168196963,-0.367508902309,-0.382373838219,;
2.0,10.0,8.0,-0.421248524664,-0.391670844985,-0.454076183395,-0.435321718466,;
2.0,10.0,9.0,-0.605453506969,-0.467535775141,-0.388043840931,-0.595903836414,;
2.0,10.0,10.0,-0.678339955668,-0.587562360697,-0.639915672078,-0.642321212142,;
2.0,10.0,11.0,-0.735138316849,-0.682397790567,-0.647972188409,-0.737145239583,;
2.0,10.0,12.0,-0.780892087657,-0.803592509361,-0.726733953965,-0.765432761363,;
2.0,10.0,13.0,-0.879403590948,-0.873064934797,-0.853477281302,-0.81473439069,;
2.0,10.0,14.0,-0.870170420181,-0.932186048191,-0.94019524782,-0.802291300245,;
2.0,10.0,15.0,-0.987977082488,-0.971332942939,-1.0539450183,-1.01930101405,;
2.0,10.0,16.0,-1.46955605895,-1.50300260615,-1.34971864945,-1.40998012548,;
2.0,11.0,0.0,0.7624,0.88,1.0,1.0,;
2.0,11.0,1.0,0.7624,0.772,0.64792,0.9910016,;
2.0,11.0,2.0,0.5427376,0.57047904,0.44230192,0.555392448,;
2.0,11.0,3.0,0.399873472768,0.371210608,0.304071807616,0.368699824,;
2.0,11.0,4.0,0.15640245958,0.156821667424,0.122778134673,0.22174407712,;
2.0,11.0,5.0,-0.0463910835932,-0.0042315960656,-0.162320260085,-0.0849831205811,;
2.0,11.0,6.0,-0.337364256496,-0.199930180839,-0.284227410891,-0.256213657289,;
2.0,11.0,7.0,-0.25558902165,-0.365987815468,-0.530022189501,-0.503594732536,;
2.0,11.0,8.0,-0.580188236167,-0.39309321946,-0.416259041865,-0.542875495832,;
2.0,11.0,9.0,-0.53005166545,-0.635515388327,-0.566923320465,-0.509540955722,;
2.0,11.0,10.0,-0.59925439067,-0.561070925416,-0.637897525842,-0.719606427833,;
2.0,11.0,11.0,-0.674643816547,-0.721758398734,-0.806959691366,-0.655046979493,;
2.0,11.0,12.0,-0.975660690114,-0.8158672066,-0.95129937348,-0.739004241417,;
2.0,11.0,13.0,-0.864709953817,-0.959802645961,-0.914644914651,-0.981748129215,;
2.0,11.0,14.0,-0.983800283633,-0.992636049223,-1.01797004973,-0.967026614897,;
2.0,11.0,15.0,-1.05430746357,-1.11052854822,-1.04435358594,-1.08628363235,;
2.0,11.0,16.0,-1.29026698426,-1.33464126541,-1.46321234702,-1.42753328817,;
2.0,12.0,0.0,0.64792,1.0,1.0,1.0,;
2.0,12.0,1.0,0.647152,0.6748,0.596431488,0.65656,;
2.0,12.0,2.0,0.42505648,0.5530476416,0.35717892544,0.535168448,;
2.0,12.0,3.0,0.181886218517,0.280432187328,0.240590194469,0.249678684721,;
2.0,12.0,4.0,0.0529349334156,0.056090444464,-0.0960568346507,0.0745531489312,;
2.0,12.0,5.0,-0.310765210677,-0.112763851601,-0.362604787842,-0.21868980903,;
2.0,12.0,6.0,-0.395397402127,-0.407625976091,-0.498865178716,-0.346187286084,;
2.0,12.0,7.0,-0.528126058035,-0.536224204775,-0.472301036262,-0.523246862262,;
2.0,12.0,8.0,-0.52574339373,-0.629278662617,-0.489169135072,-0.512534939226,;
2.0,12.0,9.0,-0.621848965155,-0.622840965133,-0.690930765589,-0.620778540643,;
2.0,12.0,10.0,-0.695533381759,-0.66399554209,-0.731348961832,-0.690273146798,;
2.0,12.0,11.0,-0.722199179062,-0.773114485058,-0.748724889472,-0.75240236378,;
2.0,12.0,12.0,-0.820637490138,-0.776377210006,-0.836775517001,-0.954863528403,;
2.0,12.0,13.0,-0.951573989939,-0.921619135874,-0.868901370908,-0.919603834017,;
2.0,12.0,14.0,-0.955535774306,-0.935307397747,-1.01794476485,-0.984098562187,;
2.0,12.0,15.0,-1.20931164073,-0.812415484443,-0.866846660746,-1.19381023113,;
2.0,12.0,16.0,-1.44530954735,-1.44560383975,-1.54699750112,-1.48466828844,;
2.0,13.0,0.0,1.0,1.0,3.18,1.0,;
2.0,13.0,1.0,1.0,0.88,1.5337112,0.6316,;
2.0,13.0,2.0,0.293229565961,0.596431488,0.74289598464,0.519682211328,;
2.0,13.0,3.0,0.302138911821,0.282301587136,0.216017930715,0.136239518598,;
2.0,13.0,4.0,-0.0259394679528,0.111461715107,0.0182257989901,-0.0700065866487,;
2.0,13.0,5.0,-0.401361452468,-0.193299386465,-0.187491585527,-0.321060840237,;
2.0,13.0,6.0,-0.597224609173,-0.440394338863,-0.401537360845,-0.54678771905,;
2.0,13.0,7.0,-0.502644546736,-0.608519102043,-0.651734384353,-0.566952640794,;
2.0,13.0,8.0,-0.614679113112,-0.533152839224,-0.551507906999,-0.554655763148,;
2.0,13.0,9.0,-0.666657973197,-0.638401989344,-0.714952340128,-0.802554655367,;
2.0,13.0,10.0,-0.714204370564,-0.812842169097,-0.796802944116,-0.760021457059,;
2.0,13.0,11.0,-0.747552003518,-0.778640138424,-0.771011911864,-0.69874042102,;
2.0,13.0,12.0,-0.934707922425,-0.769034907388,-0.92007319179,-0.872554829623,;
2.0,13.0,13.0,-0.950748228065,-0.986556738694,-0.963650221813,-0.962470611639,;
2.0,13.0,14.0,-1.00561629185,-1.05185213203,-1.10195371652,-0.985889178099,;
2.0,13.0,15.0,-0.964950961584,-0.988957481251,-1.05326393243,-0.967689825833,;
2.0,13.0,16.0,-1.56483152396,-1.59779049852,-1.58624009139,-1.52235740946,;
2.0,14.0,0.0,1.0,1.0,1.0,1.0,;
2.0,14.0,1.0,0.5512048,13.415814822,0.727335826061,0.8804928,;
2.0,14.0,2.0,0.611396030336,2.9993180072,0.4576984,0.449481322296,;
2.0,14.0,3.0,0.267364846083,0.511330781856,0.199512461939,0.307540295448,;
2.0,14.0,4.0,-0.0876669724019,-0.0368916369471,0.106280620424,0.0131304633961,;
2.0,14.0,5.0,-0.43523333702,-0.219107779715,-0.256424020083,-0.255350793082,;
2.0,14.0,6.0,-0.533322918597,-0.47716429182,-0.460433190478,-0.50844683569,;
2.0,14.0,7.0,-0.622012232788,-0.591740371742,-0.664025962822,-0.651074759315,;
2.0,14.0,8.0,-0.675151173717,-0.623387644012,-0.907484240975,-0.599752057677,;
2.0,14.0,9.0,-0.708883459353,-0.794603501365,-0.957340767467,-0.711603105285,;
2.0,14.0,10.0,-0.798802756069,-0.753917151499,-0.886916939334,-0.76324153684,;
2.0,14.0,11.0,-0.846731971209,-0.774107920564,-0.785661799505,-0.781447578566,;
2.0,14.0,12.0,-0.998614750223,-0.870641461083,-0.874752971015,-0.902588518878,;
2.0,14.0,13.0,-1.02837090444,-0.983858929722,-0.991641742992,-0.993855356063,;
2.0,14.0,14.0,-1.11526125036,-1.00617741926,-1.22440036061,-1.12733376958,;
2.0,14.0,15.0,-1.39995921692,-1.12473392099,-1.10098744194,-1.04586952842,;
2.0,14.0,16.0,-1.85524570943,-1.64422542897,-1.66694955862,-1.67546433718,;
2.0,15.0,0.0,0.88,0.88,1.0,6.9078,;
2.0,15.0,1.0,0.761632,1.07564,0.65656,2.51590982576,;
2.0,15.0,2.0,0.5434288,0.5168568,0.54181380864,0.707670336576,;
2.0,15.0,3.0,0.279614219526,0.39308536,0.0150792037768,0.3351311456,;
2.0,15.0,4.0,-0.0375283959882,0.0835368798498,-0.00566190032042,-0.00226790100135,;
2.0,15.0,5.0,-0.240921317197,-0.187284149405,-0.161291043157,-0.365519286792,;
2.0,15.0,6.0,-0.312381777266,-0.426970525695,-0.372231948098,-0.551957714192,;
2.0,15.0,7.0,-0.701693037613,-0.615659782701,-0.61393803769,-0.698466708306,;
2.0,15.0,8.0,-0.845533797898,-0.799252907515,-0.840892868439,-0.819429213519,;
2.0,15.0,9.0,-0.87115410558,-0.93580277287,-0.889175098199,-0.985184265816,;
2.0,15.0,10.0,-0.858771876019,-0.916289664608,-0.886585374522,-0.907262512282,;
2.0,15.0,11.0,-0.881547650442,-0.976628746293,-0.785639620564,-0.728779267274,;
2.0,15.0,12.0,-0.997007681899,-0.841412573375,-1.1412358968,-0.834514767131,;
2.0,15.0,13.0,-1.17528728009,-0.995732268674,-1.07887044002,-1.03795681401,;
2.0,15.0,14.0,-1.158049902,-1.16544185117,-1.26586647697,-1.2068702966,;
2.0,15.0,15.0,-1.28866688477,-1.07849932023,-1.24562272815,-1.1639193085,;
2.0,15.0,16.0,-1.64878988604,-1.65584707674,-1.87346997699,-1.67978734391,;
2.0,16.0,0.0,0.65656,0.77712256,1.2296608,1.0,;
2.0,16.0,1.0,0.65656,0.51371056,0.7624,0.731923968,;
2.0,16.0,2.0,0.396413671113,0.473932,0.489898504814,0.5309757824,;
2.0,16.0,3.0,-0.0521354494936,0.144316790215,0.215612268761,0.216104375104,;
2.0,16.0,4.0,-0.0491164568746,-0.0950467823755,-0.0878767605243,-0.0808703553552,;
2.0,16.0,5.0,-0.154779960103,-0.229183829077,-0.228911179807,-0.285119302171,;
2.0,16.0,6.0,-0.353721652313,-0.43481977516,-0.453952622034,-0.378626893012,;
2.0,16.0,7.0,-0.562527202739,-0.568474775525,-0.587724238499,-0.704005624201,;
2.0,16.0,8.0,-0.781458103057,-0.824254777072,-0.793069880122,-0.799957309484,;
2.0,16.0,9.0,-0.991224660141,-0.85078051568,-0.811453338962,-0.93463115945,;
2.0,16.0,10.0,-0.943437665115,-1.06764701618,-0.987071427881,-0.990428121309,;
2.0,16.0,11.0,-1.05526075676,-1.10091539295,-0.982340516395,-0.920212031239,;
2.0,16.0,12.0,-1.01291282989,-1.1071609475,-1.16696745792,-1.08089118087,;
2.0,16.0,13.0,-1.18366943185,-1.10832016098,-1.05881535686,-1.13813825397,;
2.0,16.0,14.0,-1.26670772389,-1.20555326682,-1.23941146265,-1.26015346268,;
2.0,16.0,15.0,-1.50002303443,-1.30987711356,-1.29388421737,-1.27420030887,;
2.0,16.0,16.0,-1.77356944799,-1.72811064635,-1.94266275766,-1.82886356967,;
2.0,17.0,0.0,0.77712256,1.0,7.93576,0.88512256,;
2.0,17.0,1.0,0.655792,1.064032,5.94785483204,0.75376,;
2.0,17.0,2.0,0.435551091251,0.71916426693,1.50783223284,0.534575283961,;
2.0,17.0,3.0,0.237636362674,0.335582822975,0.358519802561,0.20275722569,;
2.0,17.0,4.0,-0.085984882627,0.0171340008112,-0.139896131319,-0.0151944361573,;
2.0,17.0,5.0,-0.155422247743,-0.227480487922,-0.243821268786,-0.231158807072,;
2.0,17.0,6.0,-0.365632012756,-0.416714062021,-0.460036135303,-0.413047451553,;
2.0,17.0,7.0,-0.614145774313,-0.550225649045,-0.558589398854,-0.620916106685,;
2.0,17.0,8.0,-0.692148243443,-0.675569946702,-0.753897260391,-0.878989435393,;
2.0,17.0,9.0,-0.857257523725,-0.753326521701,-0.829847696827,-0.925900220879,;
2.0,17.0,10.0,-0.920533961077,-0.959904832143,-1.14837447539,-0.921399571897,;
2.0,17.0,11.0,-1.0412137452,-1.03676487183,-1.17835032097,-1.07425167551,;
2.0,17.0,12.0,-1.17106320957,-1.20257296779,-1.1969223741,-1.1599347262,;
2.0,17.0,13.0,-1.21520136243,-1.15041723496,-1.09620438658,-1.11799969768,;
2.0,17.0,14.0,-1.17105968977,-1.23680395896,-1.22215197991,-1.25073010035,;
2.0,17.0,15.0,-1.20138555591,-1.25443939738,-1.23606778693,-1.19617362175,;
2.0,17.0,16.0,-2.01228467966,-1.96948837379,-1.91361177307,-1.95428747817,;
2.0,18.0,0.0,1.0,1.0,1.0,4.38,;
2.0,18.0,1.0,2.55240957014,27.8247632121,8.19740549363,5.14957641009,;
2.0,18.0,2.0,0.381590863245,12.3477381275,0.4755736,0.662556936556,;
2.0,18.0,3.0,-0.112187938462,1.84700569103,0.194851132,0.103701973686,;
2.0,18.0,4.0,-0.376995988061,-0.073058645018,-0.262909867082,-0.432269318886,;
2.0,18.0,5.0,-0.964690342346,-0.563413457395,-0.622985481801,-0.657057686396,;
2.0,18.0,6.0,-0.918309020236,-0.920360251089,-0.915738120393,-0.929974250396,;
2.0,18.0,7.0,-1.04225342971,-1.04472482228,-1.01701651915,-1.11241305256,;
2.0,18.0,8.0,-1.28887317942,-1.20327457576,-1.243986378,-1.23369832518,;
2.0,18.0,9.0,-1.25616913466,-1.37636470121,-1.27456177716,-1.32746784166,;
2.0,18.0,10.0,-1.48878992506,-1.35901828642,-1.3780018474,-1.3645763633,;
2.0,18.0,11.0,-1.58766125755,-1.50392588996,-1.46734775879,-1.43846137046,;
2.0,18.0,12.0,-1.79150791853,-1.50570642353,-1.58910209776,-1.54465226413,;
2.0,18.0,13.0,-1.71407717864,-1.74139897922,-1.82977429181,-1.71508892614,;
2.0,18.0,14.0,-1.69245860241,-1.70584787679,-1.87038692431,-1.59632895546,;
2.0,18.0,15.0,-1.79471224121,-1.70065109097,-1.61315867194,-1.68765795514,;
2.0,18.0,16.0,-2.05796363985,-2.11848938754,-2.05604294147,-2.09808507789,;
3.0,0.0,0.0,-3.75314361862,-4.00687026023,-3.7556324621,-4.00584317273,;
3.0,0.0,1.0,-4.00878286578,-4.00680919026,-3.43617696053,-3.75668718731,;
3.0,0.0,2.0,-4.23679095627,-3.75687638805,-3.76006409014,-4.01513985044,;
3.0,0.0,3.0,-4.34115433344,-4.02574820174,-4.02989207606,-4.23499776045,;
3.0,0.0,4.0,-4.19436624303,-4.25573937836,-4.20472109615,-4.325346093,;
3.0,0.0,5.0,-4.01879155233,-4.31022014851,-4.1155339014,-4.18754472987,;
3.0,0.0,6.0,-3.82949654068,-4.17521863693,-3.93279203763,-4.00698416414,;
3.0,0.0,7.0,-3.58407160638,-4.01133960211,-3.74812116533,-3.74063578211,;
3.0,0.0,8.0,-3.29709137848,-3.76564710266,-3.53979537276,-3.49522808607,;
3.0,0.0,9.0,-3.00797789968,-3.48742040414,-3.24237009944,-3.08614830397,;
3.0,0.0,10.0,-2.7086871583,-3.15291891808,-3.01860468186,-2.85242502414,;
3.0,0.0,11.0,-2.45064831084,-2.8147097818,-2.61846321393,-2.45613312932,;
3.0,0.0,12.0,-2.2835474746,-2.39659213824,-2.47499707476,-2.26016085985,;
3.0,0.0,13.0,-2.09724237397,-2.26733326844,-2.17483235473,-2.20335561172,;
3.0,0.0,14.0,-1.90184067441,-2.00336215067,-1.92578386598,-1.86514381835,;
3.0,0.0,15.0,-1.87944581683,-1.90320341894,-1.73392548864,-1.77472899209,;
3.0,0.0,16.0,-2.1511513595,-1.98089996436,-2.24659339048,-2.1474977926,;
3.0,1.0,0.0,-3.43938422792,-3.75382035099,-3.43572595219,-4.00794792236,;
3.0,1.0,1.0,-3.76173437928,-3.75647677017,-3.03294611349,-3.75683674538,;
3.0,1.0,2.0,-4.02448338304,-3.43828796635,-3.44533650742,-4.01554096144,;
3.0,1.0,3.0,-4.21847401784,-3.76689833939,-3.80151992647,-4.23489101352,;
3.0,1.0,4.0,-4.12811352493,-4.05062874753,-4.03104426613,-4.3402589278,;
3.0,1.0,5.0,-3.94840192853,-4.1873576375,-3.9467774027,-4.18613171193,;
3.0,1.0,6.0,-3.74830189449,-4.05861167552,-3.7590493013,-4.00694223108,;
3.0,1.0,7.0,-3.56244467891,-3.89606501232,-3.55716200327,-3.8029828681,;
3.0,1.0,8.0,-3.31780875007,-3.7045399865,-3.45201241838,-3.48864541302,;
3.0,1.0,9.0,-3.10569500585,-3.42934054878,-3.10771863996,-3.23471854715,;
3.0,1.0,10.0,-2.79686584216,-3.18800900311,-2.9918367984,-2.92078643755,;
3.0,1.0,11.0,-2.53425929291,-2.90471013765,-2.6077006392,-2.51571206654,;
3.0,1.0,12.0,-2.33842247966,-2.57222457155,-2.40977637109,-2.26376518779,;
3.0,1.0,13.0,-2.15139260412,-2.23217353776,-2.14333973333,-2.17720549618,;
3.0,1.0,14.0,-1.91310125212,-2.17981303971,-2.09661458469,-1.96275156293,;
3.0,1.0,15.0,-2.11194598924,-2.02531387782,-1.84131973915,-1.73351128564,;
3.0,1.0,16.0,-2.21850690252,-2.14335149774,-2.21157851093,-2.13391483505,;
3.0,2.0,0.0,-3.03216119218,-3.44577110227,-3.06203993685,-3.75965702782,;
3.0,2.0,1.0,-3.44054341299,-3.44274027949,-2.52308008096,-3.44270777901,;
3.0,2.0,2.0,-3.78173324645,-3.03584114557,-3.06152078714,-3.76539502902,;
3.0,2.0,3.0,-4.03753494478,-3.45752347512,-3.52801033535,-4.03243852798,;
3.0,2.0,4.0,-3.94782251818,-3.79384165715,-3.81788190134,-4.18946509142,;
3.0,2.0,5.0,-3.72038924962,-4.00821522509,-3.74718418057,-4.10004125636,;
3.0,2.0,6.0,-3.53155619206,-3.8836893831,-3.55128675309,-3.9146281391,;
3.0,2.0,7.0,-3.420704583,-3.67400464995,-3.38336072446,-3.69625259098,;
3.0,2.0,8.0,-3.17334623085,-3.40531084811,-3.16746214413,-3.54202117645,;
3.0,2.0,9.0,-2.98274023779,-3.16342829217,-2.97505093025,-3.28142424675,;
3.0,2.0,10.0,-2.72329943536,-3.04641211515,-2.88254166263,-2.92854281684,;
3.0,2.0,11.0,-2.43283110644,-2.92622592793,-2.58383457449,-2.5306734769,;
3.0,2.0,12.0,-2.18908187768,-2.56981700151,-2.40868658963,-2.30656424008,;
3.0,2.0,13.0,-2.08262156811,-2.09750196322,-2.09679745435,-2.060909628,;
3.0,2.0,14.0,-1.97690956112,-2.0799707841,-2.12864886825,-2.05605872108,;
3.0,2.0,15.0,-2.1245027069,-1.99078035112,-1.85684973963,-1.79066348933,;
3.0,2.0,16.0,-2.16689064338,-2.1674714414,-2.25679302851,-2.2421256377,;
3.0,3.0,0.0,-2.5547199283,-3.06875867584,-2.60081852378,-3.45302629368,;
3.0,3.0,1.0,-3.06386013139,-3.06571958002,-1.88208382975,-3.04292599801,;
3.0,3.0,2.0,-3.50489052998,-2.54688072009,-2.5989834192,-3.47222859885,;
3.0,3.0,3.0,-3.80475063402,-3.08255375982,-3.21937265173,-3.81230720094,;
3.0,3.0,4.0,-3.72601325828,-3.59576571026,-3.54492802429,-4.03092052161,;
3.0,3.0,5.0,-3.50596426662,-3.73639964301,-3.51505239263,-3.91122567371,;
3.0,3.0,6.0,-3.40869078812,-3.68183799876,-3.29995764153,-3.73835420996,;
3.0,3.0,7.0,-3.24765510276,-3.47010743415,-3.17009388834,-3.49639451059,;
3.0,3.0,8.0,-3.08735718987,-3.09467607575,-2.98308545373,-3.20409026903,;
3.0,3.0,9.0,-2.89695051316,-2.92454816666,-2.8905150578,-2.94450267274,;
3.0,3.0,10.0,-2.71654328678,-2.74942173555,-2.77586516976,-2.72904739015,;
3.0,3.0,11.0,-2.4184175762,-2.77438313626,-2.45020208551,-2.50122201813,;
3.0,3.0,12.0,-2.12504276137,-2.44924216584,-2.23149922701,-2.40683577142,;
3.0,3.0,13.0,-1.92565892403,-2.1397804614,-1.97567606922,-2.04688344191,;
3.0,3.0,14.0,-1.89288036039,-1.92966362893,-1.87656460443,-2.03743510881,;
3.0,3.0,15.0,-2.02158925353,-1.90088376795,-1.75026743698,-1.78237701857,;
3.0,3.0,16.0,-2.16689379806,-2.10108913756,-2.18727078696,-2.2563868737,;
3.0,4.0,0.0,-1.93198079578,-2.614748534,-19.1999999885,-3.10158078549,;
3.0,4.0,1.0,-2.5789276947,-2.58612160079,-1.07337474364,-2.55155377286,;
3.0,4.0,2.0,-3.16472652573,-1.92049374038,-1.97258066058,-3.11528323026,;
3.0,4.0,3.0,-3.48993301114,-2.64066338606,-2.71123002827,-3.5774114662,;
3.0,4.0,4.0,-3.56024154709,-3.23350523633,-3.2111740941,-3.76103603046,;
3.0,4.0,5.0,-3.28272422876,-3.45994571918,-19.1955868151,-3.55193619852,;
3.0,4.0,6.0,-3.1033697034,-3.39713377925,-2.97403838784,-3.54939448445,;
3.0,4.0,7.0,-2.98508841932,-3.22699013215,-2.84671439189,-3.27420073178,;
3.0,4.0,8.0,-2.8684902415,-2.81404842699,-2.79950338049,-3.07361624215,;
3.0,4.0,9.0,-2.72135234469,-2.74699861231,-2.72282646158,-2.92121983113,;
3.0,4.0,10.0,-2.51906335335,-2.82964171173,-2.66276494098,-2.60519095508,;
3.0,4.0,11.0,-2.11596868714,-2.73733077225,-2.29618617461,-2.59112651977,;
3.0,4.0,12.0,-1.95762359649,-2.2306591382,-1.99862097118,-2.17683012029,;
3.0,4.0,13.0,-1.77655123441,-1.80823639181,-15.4568992185,-1.85357024588,;
3.0,4.0,14.0,-1.65164880512,-1.67247050248,-1.6769228848,-1.80059740745,;
3.0,4.0,15.0,-1.92410386523,-1.62797255735,-1.58882692394,-1.69585496755,;
3.0,4.0,16.0,-2.1685294676,-2.09379548995,-2.0648448035,-2.06272522529,;
3.0,5.0,0.0,1.0,1.0,1.0,1.0,;
3.0,5.0,1.0,-2.03718813794,-19.1999965862,-0.0350728351807,-2.0079902428,;
3.0,5.0,2.0,-2.72146956902,-1.22443161218,-1.12647401953,-2.65715493987,;
3.0,5.0,3.0,-3.14466113367,-1.99015821784,-2.20349197225,-3.26540367348,;
3.0,5.0,4.0,-19.1981002686,-2.85727517799,-2.81040095042,-3.38276230126,;
3.0,5.0,5.0,1.0,1.0,1.0,1.0,;
3.0,5.0,6.0,-2.64881996554,-19.1241065371,-2.54396800174,-3.18156847431,;
3.0,5.0,7.0,-2.63497997875,-2.67255913661,-2.50149529599,-3.03935848336,;
3.0,5.0,8.0,-2.83442461435,-2.64102309934,-2.5207514103,-2.83240138027,;
3.0,5.0,9.0,-2.6674246925,-2.57633380688,-2.60152982909,-2.59900294996,;
3.0,5.0,10.0,-2.33519819474,-2.68252796045,-2.41429211665,-2.5907499935,;
3.0,5.0,11.0,-2.08140417607,-2.27428455632,-2.05679652825,-2.36881294057,;
3.0,5.0,12.0,-17.5887178498,-1.87504519065,-1.79533122491,-1.89248948483,;
3.0,5.0,13.0,1.0,1.0,1.0,1.0,;
3.0,5.0,14.0,-1.58322602962,-15.0409991317,-1.37472775045,-1.419590865,;
3.0,5.0,15.0,-1.8968709457,-1.48852199391,-1.52558338019,-1.56759293998,;
3.0,5.0,16.0,-2.04700252668,-1.87103000806,-1.8993785943,-2.00300030841,;
3.0,6.0,0.0,-0.455965355324,0.600073138556,2.88483183295,-19.1063043667,;
3.0,6.0,1.0,-1.35918120126,1.11324633786,1.35988475794,-1.33966070708,;
3.0,6.0,2.0,-2.22622928305,-0.0766144131878,-0.168458423505,-2.04408317907,;
3.0,6.0,3.0,-2.78285581164,-1.34403425918,-1.41578541433,-2.88880024364,;
3.0,6.0,4.0,-2.63384993726,-2.47932458029,-2.30733067757,-3.13871695205,;
3.0,6.0,5.0,-2.44512679158,-2.48764508634,-2.23469852198,-18.5063958683,;
3.0,6.0,6.0,-2.3018302523,-2.39467353801,-2.19983750819,-2.71163852758,;
3.0,6.0,7.0,-2.44385251786,-2.28822843986,-2.12697279333,-2.73150672058,;
3.0,6.0,8.0,-2.3296662154,-2.31367803746,-2.33971815377,-2.60019668698,;
3.0,6.0,9.0,-2.33989725896,-2.38294113236,-2.22927974477,-2.57183581666,;
3.0,6.0,10.0,-2.27063752141,-2.24003276282,-2.20275339093,-2.20771785161,;
3.0,6.0,11.0,-1.87925219808,-2.30588303821,-1.99778179767,-1.92962975573,;
3.0,6.0,12.0,-1.63118111097,-1.90521150355,-1.66615346802,-1.85348381966,;
3.0,6.0,13.0,-1.23133370738,-1.62354563555,-1.31190815401,-16.9897364195,;
3.0,6.0,14.0,-1.36686635378,-1.22640032892,-1.33613138308,-1.33460098741,;
3.0,6.0,15.0,-1.61713159477,-1.38396431621,-1.40082511889,-1.46199395125,;
3.0,6.0,16.0,-1.7426635669,-1.78131431588,-1.84060573776,-1.98047008397,;
3.0,7.0,0.0,1.22845224712,2.93257398475,5.06596174194,1.01912349709,;
3.0,7.0,1.0,-0.175892786424,3.02364620851,2.88612895294,-0.198364979408,;
3.0,7.0,2.0,-1.33587052617,1.27519600141,1.10560671774,-1.35745779113,;
3.0,7.0,3.0,-2.28638136352,-0.125385608512,-0.838454590989,-2.36819502844,;
3.0,7.0,4.0,-2.21665063277,-1.52842488365,-1.79934521217,-2.73473691753,;
3.0,7.0,5.0,-2.06918220686,-2.03607267269,-2.08441483899,-2.29019370564,;
3.0,7.0,6.0,-1.99122045405,-2.07110837057,-1.88162449854,-2.19677899802,;
3.0,7.0,7.0,-2.06919386337,-2.04334819918,-1.83815705077,-2.34042098291,;
3.0,7.0,8.0,-2.25793647871,-2.0316210052,-2.06803240314,-2.18217218831,;
3.0,7.0,9.0,-2.20849393517,-2.07923496292,-2.03386802129,-2.45161513775,;
3.0,7.0,10.0,-2.05052870193,-2.19140420352,-1.94978589314,-2.04500896806,;
3.0,7.0,11.0,-1.79174699712,-2.0475280201,-1.75574418251,-1.84472954715,;
3.0,7.0,12.0,-1.58466278177,-1.67865177763,-1.49969114317,-1.75627287711,;
3.0,7.0,13.0,-1.20833869446,-1.71724896209,-1.34634100681,-1.39144015412,;
3.0,7.0,14.0,-1.22966738851,-1.16906423523,-1.1632407754,-1.27109162715,;
3.0,7.0,15.0,-1.23097783318,-1.22166007335,-1.24630821258,-1.33386205248,;
3.0,7.0,16.0,-1.82194150818,-1.58658021529,-1.70952488146,-1.75775427535,;
3.0,8.0,0.0,2.84151710125,4.95558391553,7.61227586184,2.92937759657,;
3.0,8.0,1.0,1.01385365405,5.03150187118,4.71351035959,1.13667783956,;
3.0,8.0,2.0,-0.699834525032,2.9175787465,2.16110512811,-0.377763038337,;
3.0,8.0,3.0,-1.72660916423,1.06474948651,-0.408490512844,-1.64060743972,;
3.0,8.0,4.0,-1.8769970653,-0.841581509617,-1.27219171722,-1.94754008143,;
3.0,8.0,5.0,-1.87790302832,-1.63801446463,-1.82364975865,-2.16057232444,;
3.0,8.0,6.0,-2.16100228138,-1.79841320151,-1.74009385533,-1.67168040867,;
3.0,8.0,7.0,-1.85098141878,-1.85422791878,-1.87955702178,-2.11709160842,;
3.0,8.0,8.0,-1.74702104594,-1.93500024465,-1.7412931626,-2.19698428302,;
3.0,8.0,9.0,-1.79366759832,-1.78852275537,-1.79415082499,-2.08201771178,;
3.0,8.0,10.0,-1.67285861759,-1.93014022332,-1.67661695378,-1.88408533607,;
3.0,8.0,11.0,-1.47541023846,-1.53920092165,-1.60921063169,-1.64875937946,;
3.0,8.0,12.0,-1.30181504673,-1.32179417095,-1.33300369755,-1.65909348004,;
3.0,8.0,13.0,-1.13385597508,-1.30537099499,-1.4830770213,-1.25138093443,;
3.0,8.0,14.0,-1.2348035171,-1.14128296218,-1.04757492171,-1.09795460278,;
3.0,8.0,15.0,-1.44313812009,-1.14340299863,-1.17367261341,-1.13837610636,;
3.0,8.0,16.0,-1.52098014482,-1.64146257012,-1.7901956532,-1.66226032876,;
3.0,9.0,0.0,4.59600073663,7.23753244736,10.7823892991,4.92260647173,;
3.0,9.0,1.0,2.1439011743,7.14630036705,7.51450995567,2.4061990475,;
3.0,9.0,2.0,-0.337956658266,4.48350840876,4.56858537822,0.33525129206,;
3.0,9.0,3.0,-1.28837941983,1.41065841638,1.35334013105,-0.95324452,;
3.0,9.0,4.0,-1.72977864601,-0.254104211675,-0.813081671786,-1.53138757017,;
3.0,9.0,5.0,-1.77842317214,-1.29364222831,-1.39868846897,-1.87563159393,;
3.0,9.0,6.0,-1.59515664829,-1.70095856076,-1.53640440759,-1.84858203266,;
3.0,9.0,7.0,-1.54267780353,-1.64281175677,-1.61550536201,-1.74325588546,;
3.0,9.0,8.0,-1.57817432428,-1.6162844144,-1.39112258608,-1.78812022138,;
3.0,9.0,9.0,-1.5466213721,-1.64794229651,-1.57462386029,-1.49028828598,;
3.0,9.0,10.0,-1.37653896845,-1.59939570078,-1.32615869688,-1.73896674215,;
3.0,9.0,11.0,-1.36496243209,-1.39868831213,-1.21805892772,-1.54443163328,;
3.0,9.0,12.0,-1.29559213672,-1.18125869669,-1.18028243311,-1.29989061,;
3.0,9.0,13.0,-1.12127858751,-1.19497303041,-1.18960436247,-1.31999931336,;
3.0,9.0,14.0,-1.03524092638,-0.94476283269,-1.08106591492,-1.02657264466,;
3.0,9.0,15.0,-0.947921930382,-1.12469558829,-1.0099911523,-1.17146470336,;
3.0,9.0,16.0,-1.83747867779,-1.59356443995,-1.62885510293,-1.70623730253,;
3.0,10.0,0.0,1.0,1.0,1.0,1.0,;
3.0,10.0,1.0,3.94143372784,10.7590893324,3.09315615964,4.15662113715,;
3.0,10.0,2.0,1.714687082,7.45480116011,0.622491855047,1.80585141921,;
3.0,10.0,3.0,-0.484448924539,4.34991089279,-0.464992627802,-0.328537387436,;
3.0,10.0,4.0,-1.18904992638,1.29560826828,-0.994591391873,-0.993657594098,;
3.0,10.0,5.0,-1.37534121599,-0.696483063166,-1.25247394726,-1.58171957166,;
3.0,10.0,6.0,-1.60598060641,-1.18212999733,-1.2434808188,-1.52850461664,;
3.0,10.0,7.0,-1.48843102635,-1.48749114295,-1.49658909935,-1.56766099712,;
3.0,10.0,8.0,-1.3306597937,-1.45038554842,-1.2713533848,-1.23274604427,;
3.0,10.0,9.0,-1.38517077133,-1.16541590879,-1.30580851073,-1.36266286479,;
3.0,10.0,10.0,-1.20305657628,-1.23000883133,-1.17270653793,-1.4596214651,;
3.0,10.0,11.0,-1.21200978145,-1.12997129928,-1.0273446762,-1.05329703489,;
3.0,10.0,12.0,-1.00732446411,-1.03960439293,-1.04264611971,-1.10922608544,;
3.0,10.0,13.0,-0.857323183669,-1.00370243498,-0.908731442473,-1.3825008174,;
3.0,10.0,14.0,-0.926030749886,-0.802162758815,-0.902972000676,-0.903885446213,;
3.0,10.0,15.0,-1.20444317325,-0.884694751721,-0.941306701541,-0.905549377906,;
3.0,10.0,16.0,-1.68277985548,-1.50273478095,-1.61161551213,-1.75642615055,;
3.0,11.0,0.0,1.05843390898,1.25057744,0.648572821171,7.38295128702,;
3.0,11.0,1.0,0.610286482758,2.22926823194,0.0718462570716,6.27349449851,;
3.0,11.0,2.0,-0.23990952099,1.77943146984,-0.214868237423,3.65351659782,;
3.0,11.0,3.0,-0.959774837293,0.380393744713,-0.613836295045,1.18469717018,;
3.0,11.0,4.0,-1.28553050122,-0.37581501977,-0.877513227654,-0.416867400346,;
3.0,11.0,5.0,-1.28121304671,-0.965717375832,-1.07648606767,-1.1746389142,;
3.0,11.0,6.0,-0.911813815659,-1.19386270741,-1.24782275584,-1.25630337974,;
3.0,11.0,7.0,-1.24193337956,-1.12952555354,-1.20570775808,-1.38105335319,;
3.0,11.0,8.0,-1.00858836199,-1.20289649695,-1.00186111348,-1.27968661642,;
3.0,11.0,9.0,-0.785494813076,-1.35708847022,-0.885366076169,-1.22978851095,;
3.0,11.0,10.0,-0.951548958523,-1.03345186951,-0.714117514044,-1.46510949762,;
3.0,11.0,11.0,-0.899177195884,-0.727579680255,-0.894431793596,-1.01751477107,;
3.0,11.0,12.0,-0.903070180991,-0.986472401344,-0.646769206906,-0.78672636154,;
3.0,11.0,13.0,-0.791521187191,-0.681887107368,-0.674264951248,-0.942104571643,;
3.0,11.0,14.0,-0.80561170384,-0.590086077297,-0.887650702754,-0.887072479883,;
3.0,11.0,15.0,-1.01482122041,-0.732908019992,-0.788969368036,-0.831937255624,;
3.0,11.0,16.0,-1.62164819842,-1.37193055232,-1.35879380482,-1.6498724334,;
3.0,12.0,0.0,0.645493350736,0.88,1.10336,2.03264271469,;
3.0,12.0,1.0,-0.0566537737824,0.445238037919,1.72925518879,1.40985485171,;
3.0,12.0,2.0,-0.153579773717,0.180067599831,0.104683031391,0.292733102884,;
3.0,12.0,3.0,-0.460322948154,-0.286683324222,-0.339583267877,-0.226243352845,;
3.0,12.0,4.0,-0.610419049026,-0.552333062938,-0.50035117003,-0.881052351201,;
3.0,12.0,5.0,-1.14542373158,-0.801374583236,-0.821310675577,-0.779078370422,;
3.0,12.0,6.0,-1.02534067741,-1.06080068457,-1.02691864287,-1.16562563825,;
3.0,12.0,7.0,-0.824057072021,-1.06190580905,-0.879796905699,-1.20509028978,;
3.0,12.0,8.0,-0.874521479287,-0.788727996163,-0.587825679566,-0.852448808292,;
3.0,12.0,9.0,-0.77723985696,-0.715534701658,-0.628320374668,-0.902025051933,;
3.0,12.0,10.0,-0.609918456687,-0.663071290729,-0.719610326157,-0.805408236593,;
3.0,12.0,11.0,-0.561685210486,-0.749024046864,-0.690014851143,-0.533408880081,;
3.0,12.0,12.0,-0.438643513138,-0.600667494922,-0.438987528235,-0.721713326912,;
3.0,12.0,13.0,-0.616099790102,-0.379477849155,-0.58006580807,-0.580370130608,;
3.0,12.0,14.0,-0.682444431347,-0.687886260411,-0.544336750806,-0.642980063484,;
3.0,12.0,15.0,-1.23316653619,-0.814031365547,-0.503444014922,-0.681966485758,;
3.0,12.0,16.0,-1.23070243929,-1.29459617926,-1.27198166577,-1.37123434174,;
3.0,13.0,0.0,1.22699116611,0.88,5.142,0.88,;
3.0,13.0,1.0,0.402065898175,1.07564,6.90374675374,0.24307563744,;
3.0,13.0,2.0,0.07445217733,1.50010554641,0.827545427338,-0.116688182975,;
3.0,13.0,3.0,-0.17017671137,-0.0343577564147,0.167264064641,-0.27154976032,;
3.0,13.0,4.0,-0.231953615923,-0.281448967682,-0.388755988685,-0.257586424563,;
3.0,13.0,5.0,-0.670992593865,-0.355981551423,-0.381659536261,-0.821842092048,;
3.0,13.0,6.0,-0.780684702098,-0.728895326224,-0.723364899597,-0.811481156022,;
3.0,13.0,7.0,-0.638939073993,-0.797607053909,-0.615182368533,-0.756991314866,;
3.0,13.0,8.0,-0.509138686903,-0.568809485604,-0.367989904909,-0.477132108222,;
3.0,13.0,9.0,-0.506005749441,-0.325077828678,-0.522148348317,-0.683693386314,;
3.0,13.0,10.0,-0.579253224087,-0.535724399596,-0.567280184514,-0.450007712874,;
3.0,13.0,11.0,-0.656043460109,-0.664010640953,-0.478868264814,-0.510982028189,;
3.0,13.0,12.0,-0.541684802332,-0.48113533865,-0.518056871088,-0.493260698005,;
3.0,13.0,13.0,-0.406336441835,-0.459522931581,-0.30775659576,-0.406404870527,;
3.0,13.0,14.0,-0.487805528616,-0.312331112114,-0.368868542498,-0.347453578075,;
3.0,13.0,15.0,-0.509345832136,-0.339052577028,-0.283693432703,-0.729107958403,;
3.0,13.0,16.0,-1.28660150045,-1.0709562759,-1.07629508968,-1.11783623703,;
3.0,14.0,0.0,1.0,1.0,1.0,1.0,;
3.0,14.0,1.0,0.778703417472,16.6430361047,0.728398848,1.22522111651,;
3.0,14.0,2.0,0.661312573816,4.12738717437,0.193756236894,0.404811343666,;
3.0,14.0,3.0,0.0176485956542,0.939407172694,0.075918723668,0.00482326450342,;
3.0,14.0,4.0,0.0484623240995,0.00786960169396,-0.0592668266908,-0.128946900559,;
3.0,14.0,5.0,-0.480341697667,-0.0604285259528,-0.0760159980181,-0.148461840747,;
3.0,14.0,6.0,-0.324284709078,-0.404312893094,-0.309506293949,-0.662202922718,;
3.0,14.0,7.0,-0.283654051501,-0.406348110021,-0.415732314312,-0.61275267794,;
3.0,14.0,8.0,-0.299323512408,-0.395115246782,-0.160946715918,-0.219033004978,;
3.0,14.0,9.0,-0.331561306343,-0.2457377602,-0.236337524412,-0.346208420607,;
3.0,14.0,10.0,-0.439298752124,-0.321661795284,-0.376929944065,-0.387248040676,;
3.0,14.0,11.0,-0.166689512017,-0.371215042049,-0.179599279612,-0.679630298248,;
3.0,14.0,12.0,-0.144835317543,-0.168051047912,-0.194380850831,-0.554671579328,;
3.0,14.0,13.0,-0.37720018324,-0.154437803542,-0.0827631046011,-0.128996144907,;
3.0,14.0,14.0,-0.280574375248,-0.190923401725,-0.1585844955,-0.267395334253,;
3.0,14.0,15.0,-0.295028782984,-0.0979300752564,-0.0668065967289,-0.120530794738,;
3.0,14.0,16.0,-0.683481631066,-0.73611739507,-0.691675317501,-1.03876053959,;
3.0,15.0,0.0,0.88,1.0,1.0,5.142,;
3.0,15.0,1.0,0.4459487936,0.8492,0.88,1.352624,;
3.0,15.0,2.0,0.197714204036,0.562186848,0.4039468,0.738843436714,;
3.0,15.0,3.0,0.354134756608,0.15055413944,0.4755736,0.17578684376,;
3.0,15.0,4.0,-0.035346681297,0.149073686439,0.224879788,0.208040206526,;
3.0,15.0,5.0,0.00640785746866,0.0620695679234,0.0820644698882,0.0329771523698,;
3.0,15.0,6.0,-0.258954594998,0.00517223239932,0.0630220358086,-0.275991262917,;
3.0,15.0,7.0,-0.152937184871,-0.146297255786,-0.156928597765,-0.321896910782,;
3.0,15.0,8.0,0.0215364143257,-0.112988443941,-0.0892379589869,-0.126833024388,;
3.0,15.0,9.0,0.0226702685316,0.00707250910278,-0.289583409155,0.0635582072289,;
3.0,15.0,10.0,-0.314129384885,-0.134907659376,-0.129886189923,-0.319582855841,;
3.0,15.0,11.0,-0.270121372039,-0.299021595004,0.0829081645826,-0.0701530998297,;
3.0,15.0,12.0,-0.0968181322832,-0.102646781691,-0.128378198428,-0.185432847481,;
3.0,15.0,13.0,0.0618610015315,-0.121344098907,-0.00401705531717,0.0792711255393,;
3.0,15.0,14.0,-0.0750628049785,0.0855531605597,-0.0216517028153,0.0105203438767,;
3.0,15.0,15.0,0.012253681814,0.0178591293997,-0.207826751702,0.158904221147,;
3.0,15.0,16.0,-0.488270305929,-0.410152544319,-0.375974280591,-0.513203935824,;
3.0,16.0,0.0,1.0,1.0,1.0,1.0,;
3.0,16.0,1.0,0.6551008,1.0,0.88,0.88,;
3.0,16.0,2.0,0.5364304,0.58732,0.58732,0.41577862784,;
3.0,16.0,3.0,0.519571072,0.2140606072,0.552664,0.542216068608,;
3.0,16.0,4.0,0.083202957283,0.35419768,0.278166770368,0.389498938496,;
3.0,16.0,5.0,0.329210988502,0.14501480536,0.116495912368,0.27784672992,;
3.0,16.0,6.0,0.155554423897,0.130296334584,0.313888560262,0.324913150748,;
3.0,16.0,7.0,-0.229571055364,0.171822864803,0.116631965575,-0.0570586069445,;
3.0,16.0,8.0,-0.0973562242648,-0.201941509393,0.0347772055742,0.0600209248035,;
3.0,16.0,9.0,-0.183530444012,-0.115708874859,-0.104950243306,-0.0382772671114,;
3.0,16.0,10.0,0.0288469185256,0.0526816323951,-0.354703860493,-0.302551973196,;
3.0,16.0,11.0,0.0306211449549,-0.0998356068132,-0.0193181186294,0.0293708006032,;
3.0,16.0,12.0,0.0601426540649,-0.281078049365,-0.0352807249132,0.0960283653642,;
3.0,16.0,13.0,0.103912730323,0.0226980540462,0.12568824353,0.136658190179,;
3.0,16.0,14.0,-0.0292327131865,0.0256668046063,0.117017366782,-0.0697543965863,;
3.0,16.0,15.0,-0.235310500807,-0.258527549994,0.118550529063,0.172776637199,;
3.0,16.0,16.0,-0.337048948708,-0.323810784095,-0.454797305454,-0.334654529349,;
3.0,17.0,0.0,0.88,1.0,4.38,1.0,;
3.0,17.0,1.0,0.88,0.772,1.0,1.0,;
3.0,17.0,2.0,0.6253696,0.776610304,0.683744064,1.0,;
3.0,17.0,3.0,0.43399888,0.6748,0.647152,0.43329904,;
3.0,17.0,4.0,0.473932,0.3875212,0.300034326845,0.29445929344,;
3.0,17.0,5.0,0.259590044444,0.32563421152,0.428383648,0.411699331658,;
3.0,17.0,6.0,0.323840499454,0.315206425216,0.197699168692,0.393771228502,;
3.0,17.0,7.0,0.00296133438904,0.33058250916,0.479317312,0.152415727347,;
3.0,17.0,8.0,-0.0426351521986,0.0155345979153,0.0420975257952,-0.00585798908892,;
3.0,17.0,9.0,-0.0259285336955,-0.0181666555737,-0.128638549259,-0.115079159378,;
3.0,17.0,10.0,-0.10802853496,-0.20162866757,-0.162569202198,-0.101194035391,;
3.0,17.0,11.0,-0.0125641734254,-0.167384214525,-0.219388473205,-0.0182381290961,;
3.0,17.0,12.0,0.1270558828,-0.282017674908,0.179554849055,0.14985768678,;
3.0,17.0,13.0,0.152035461412,0.178673247678,0.282952618427,0.265707166599,;
3.0,17.0,14.0,0.140421434364,0.199196288773,0.22578713766,0.122356372509,;
3.0,17.0,15.0,-0.0666045277302,0.253805364687,-0.0434931027521,0.168038425565,;
3.0,17.0,16.0,-0.382943940056,-0.471499820948,-0.655814452568,-0.301482407279,;
3.0,18.0,0.0,1.5299056,0.6748,0.88,4.422392448,;
3.0,18.0,1.0,0.85670304,8.233830448,2.949895216,1.0,;
3.0,18.0,2.0,0.4868768,2.9117414,0.7399824,0.5554349728,;
3.0,18.0,3.0,0.336938161185,0.46201272,0.1543487672,0.0586732238768,;
3.0,18.0,4.0,0.422589664,0.16967225648,0.380371570863,0.423364795648,;
3.0,18.0,5.0,0.0265049836576,0.377465932058,0.4401204928,0.42271967104,;
3.0,18.0,6.0,-0.305200751047,0.12009187096,0.0471306261472,0.143066271266,;
3.0,18.0,7.0,-0.195027670078,-0.109411490611,-0.0678233225821,-0.0741801052232,;
3.0,18.0,8.0,-0.394833985581,-0.0965828090803,-0.0214903576563,-0.201102217684,;
3.0,18.0,9.0,-0.40406017571,-0.499844813541,-0.443025424955,-0.474790179914,;
3.0,18.0,10.0,-0.285555491072,-0.538070247669,-0.178351656493,-0.199124800142,;
3.0,18.0,11.0,-0.335766142551,-0.268435554127,-0.467505943252,-0.275350966659,;
3.0,18.0,12.0,-0.432154156646,-0.358051006646,-0.38434926272,-0.289191510854,;
3.0,18.0,13.0,-0.395631097852,-0.523593449137,-0.377536570398,-0.344166940942,;
3.0,18.0,14.0,-0.350046064408,-0.362021320214,-0.504894186655,-0.407156542438,;
3.0,18.0,15.0,-1.08156875129,-0.360638195059,-0.384219939471,-0.331204890292,;
3.0,18.0,16.0,-0.900913632017,-0.847361128807,-1.12627838425,-1.04887708139,;
