0.0,0.0,0.0,1.0,1.0,1.0,1.0,;
0.0,0.0,1.0,1.0,1.0,1.0,1.0,;
0.0,0.0,2.0,1.0,1.0,1.0,1.0,;
0.0,0.0,3.0,1.0,1.0,1.0,1.0,;
0.0,0.0,4.0,1.0,1.0,1.0,1.0,;
0.0,0.0,5.0,1.0,1.0,1.0,1.0,;
0.0,0.0,6.0,1.0,1.0,1.0,1.0,;
0.0,0.0,7.0,1.0,1.0,1.0,1.0,;
0.0,0.0,8.0,1.0,1.0,1.0,1.0,;
0.0,0.0,9.0,1.0,1.0,1.0,1.0,;
0.0,0.0,10.0,1.0,1.0,1.0,1.0,;
0.0,0.0,11.0,1.0,1.0,1.0,1.0,;
0.0,0.0,12.0,1.0,1.0,1.0,1.0,;
0.0,0.0,13.0,1.0,1.0,1.0,1.0,;
0.0,0.0,14.0,1.0,1.0,1.0,1.0,;
0.0,0.0,15.0,1.0,1.0,1.0,1.0,;
0.0,0.0,16.0,1.0,1.0,1.0,1.0,;
0.0,1.0,0.0,1.0,1.0,1.0,1.0,;
0.0,1.0,1.0,1.0,1.0,1.0,1.0,;
0.0,1.0,2.0,1.0,1.0,1.0,1.0,;
0.0,1.0,3.0,1.0,1.0,1.0,1.0,;
0.0,1.0,4.0,1.0,1.0,1.0,1.0,;
0.0,1.0,5.0,1.0,1.0,1.0,1.0,;
0.0,1.0,6.0,1.0,1.0,1.0,1.0,;
0.0,1.0,7.0,1.0,1.0,1.0,1.0,;
0.0,1.0,8.0,1.0,1.0,1.0,1.0,;
0.0,1.0,9.0,1.0,1.0,1.0,1.0,;
0.0,1.0,10.0,1.0,1.0,1.0,1.0,;
0.0,1.0,11.0,1.0,1.0,1.0,1.0,;
0.0,1.0,12.0,1.0,1.0,1.0,1.0,;
0.0,1.0,13.0,1.0,1.0,1.0,1.0,;
0.0,1.0,14.0,1.0,1.0,1.0,1.0,;
0.0,1.0,15.0,1.0,1.0,1.0,1.0,;
0.0,1.0,16.0,1.0,1.0,1.0,1.0,;
0.0,2.0,0.0,1.0,1.0,1.0,1.0,;
0.0,2.0,1.0,1.0,1.0,1.0,1.0,;
0.0,2.0,2.0,1.0,1.0,1.0,1.0,;
0.0,2.0,3.0,1.0,1.0,1.0,1.0,;
0.0,2.0,4.0,1.0,1.0,1.0,1.0,;
0.0,2.0,5.0,1.0,1.0,1.0,1.0,;
0.0,2.0,6.0,1.0,1.0,1.0,1.0,;
0.0,2.0,7.0,1.0,1.0,1.0,1.0,;
0.0,2.0,8.0,1.0,1.0,1.0,1.0,;
0.0,2.0,9.0,1.0,1.0,1.0,1.0,;
0.0,2.0,10.0,1.0,1.0,1.0,1.0,;
0.0,2.0,11.0,1.0,1.0,1.0,1.0,;
0.0,2.0,12.0,1.0,1.0,1.0,1.0,;
0.0,2.0,13.0,1.0,1.0,1.0,1.0,;
0.0,2.0,14.0,1.0,1.0,1.0,1.0,;
0.0,2.0,15.0,1.0,1.0,1.0,1.0,;
0.0,2.0,16.0,1.0,1.0,1.0,1.0,;
0.0,3.0,0.0,1.0,1.0,1.0,1.0,;
0.0,3.0,1.0,1.0,1.0,1.0,1.0,;
0.0,3.0,2.0,1.0,1.0,1.0,1.0,;
0.0,3.0,3.0,1.0,1.0,1.0,1.0,;
0.0,3.0,4.0,1.0,1.0,1.0,1.0,;
0.0,3.0,5.0,1.0,1.0,1.0,1.0,;
0.0,3.0,6.0,1.0,1.0,1.0,1.0,;
0.0,3.0,7.0,1.0,1.0,1.0,1.0,;
0.0,3.0,8.0,1.0,1.0,1.0,1.0,;
0.0,3.0,9.0,1.0,1.0,1.0,1.0,;
0.0,3.0,10.0,1.0,1.0,1.0,1.0,;
0.0,3.0,11.0,1.0,1.0,1.0,1.0,;
0.0,3.0,12.0,1.0,1.0,1.0,1.0,;
0.0,3.0,13.0,1.0,1.0,1.0,1.0,;
0.0,3.0,14.0,1.0,1.0,1.0,1.0,;
0.0,3.0,15.0,1.0,1.0,1.0,1.0,;
0.0,3.0,16.0,1.0,1.0,1.0,1.0,;
0.0,4.0,0.0,1.0,1.0,1.0,1.0,;
0.0,4.0,1.0,1.0,1.0,1.0,1.0,;
0.0,4.0,2.0,1.0,1.0,1.0,1.0,;
0.0,4.0,3.0,1.0,1.0,1.0,1.0,;
0.0,4.0,4.0,1.0,1.0,1.0,1.0,;
0.0,4.0,5.0,1.0,1.0,1.0,1.0,;
0.0,4.0,6.0,1.0,1.0,1.0,1.0,;
0.0,4.0,7.0,1.0,1.0,1.0,1.0,;
0.0,4.0,8.0,1.0,1.0,1.0,1.0,;
0.0,4.0,9.0,1.0,1.0,1.0,1.0,;
0.0,4.0,10.0,1.0,1.0,1.0,1.0,;
0.0,4.0,11.0,1.0,1.0,1.0,1.0,;
0.0,4.0,12.0,1.0,1.0,1.0,1.0,;
0.0,4.0,13.0,1.0,1.0,1.0,1.0,;
0.0,4.0,14.0,1.0,1.0,1.0,1.0,;
0.0,4.0,15.0,1.0,1.0,1.0,1.0,;
0.0,4.0,16.0,1.0,1.0,1.0,1.0,;
0.0,5.0,0.0,1.0,1.0,1.0,1.0,;
0.0,5.0,1.0,1.0,1.0,1.0,1.0,;
0.0,5.0,2.0,1.0,1.0,1.0,1.0,;
0.0,5.0,3.0,1.0,1.0,1.0,1.0,;
0.0,5.0,4.0,1.0,1.0,1.0,1.0,;
0.0,5.0,5.0,1.0,1.0,1.0,1.0,;
0.0,5.0,6.0,1.0,1.0,1.0,1.0,;
0.0,5.0,7.0,1.0,1.0,1.0,1.0,;
0.0,5.0,8.0,1.0,1.0,1.0,1.0,;
0.0,5.0,9.0,1.0,1.0,1.0,1.0,;
0.0,5.0,10.0,1.0,1.0,1.0,1.0,;
0.0,5.0,11.0,1.0,1.0,1.0,1.0,;
0.0,5.0,12.0,1.0,1.0,1.0,1.0,;
0.0,5.0,13.0,1.0,1.0,1.0,1.0,;
0.0,5.0,14.0,1.0,1.0,1.0,1.0,;
0.0,5.0,15.0,1.0,1.0,1.0,1.0,;
0.0,5.0,16.0,1.0,1.0,1.0,1.0,;
0.0,6.0,0.0,1.0,1.0,1.0,1.0,;
0.0,6.0,1.0,1.0,1.0,1.0,1.0,;
0.0,6.0,2.0,1.0,1.0,1.0,1.0,;
0.0,6.0,3.0,1.0,1.0,1.0,1.0,;
0.0,6.0,4.0,1.0,1.0,1.0,1.0,;
0.0,6.0,5.0,1.0,1.0,1.0,1.0,;
0.0,6.0,6.0,1.0,1.0,1.0,1.0,;
0.0,6.0,7.0,1.0,1.0,1.0,1.0,;
0.0,6.0,8.0,1.0,1.0,1.0,1.0,;
0.0,6.0,9.0,1.0,1.0,1.0,1.0,;
0.0,6.0,10.0,1.0,1.0,1.0,1.0,;
0.0,6.0,11.0,1.0,1.0,1.0,1.0,;
0.0,6.0,12.0,1.0,1.0,1.0,1.0,;
0.0,6.0,13.0,1.0,1.0,1.0,1.0,;
0.0,6.0,14.0,1.0,1.0,1.0,1.0,;
0.0,6.0,15.0,1.0,1.0,1.0,1.0,;
0.0,6.0,16.0,1.0,1.0,1.0,1.0,;
0.0,7.0,0.0,1.0,1.0,1.0,1.0,;
0.0,7.0,1.0,1.0,1.0,1.0,1.0,;
0.0,7.0,2.0,1.0,1.0,1.0,1.0,;
0.0,7.0,3.0,1.0,1.0,1.0,1.0,;
0.0,7.0,4.0,1.0,1.0,1.0,1.0,;
0.0,7.0,5.0,1.0,1.0,1.0,1.0,;
0.0,7.0,6.0,1.0,1.0,1.0,1.0,;
0.0,7.0,7.0,1.0,1.0,1.0,1.0,;
0.0,7.0,8.0,1.0,1.0,1.0,1.0,;
0.0,7.0,9.0,1.0,1.0,1.0,1.0,;
0.0,7.0,10.0,1.0,1.0,1.0,1.0,;
0.0,7.0,11.0,1.0,1.0,1.0,1.0,;
0.0,7.0,12.0,1.0,1.0,1.0,1.0,;
0.0,7.0,13.0,1.0,1.0,1.0,1.0,;
0.0,7.0,14.0,1.0,1.0,1.0,1.0,;
0.0,7.0,15.0,1.0,1.0,1.0,1.0,;
0.0,7.0,16.0,1.0,1.0,1.0,1.0,;
0.0,8.0,0.0,1.0,1.0,1.0,1.0,;
0.0,8.0,1.0,1.0,1.0,1.0,1.0,;
0.0,8.0,2.0,1.0,1.0,1.0,1.0,;
0.0,8.0,3.0,1.0,1.0,1.0,1.0,;
0.0,8.0,4.0,1.0,1.0,1.0,1.0,;
0.0,8.0,5.0,1.0,1.0,1.0,1.0,;
0.0,8.0,6.0,1.0,1.0,1.0,1.0,;
0.0,8.0,7.0,1.0,1.0,1.0,1.0,;
0.0,8.0,8.0,1.0,1.0,1.0,1.0,;
0.0,8.0,9.0,1.0,1.0,1.0,1.0,;
0.0,8.0,10.0,1.0,1.0,1.0,1.0,;
0.0,8.0,11.0,1.0,1.0,1.0,1.0,;
0.0,8.0,12.0,1.0,1.0,1.0,1.0,;
0.0,8.0,13.0,1.0,1.0,1.0,1.0,;
0.0,8.0,14.0,1.0,1.0,1.0,1.0,;
0.0,8.0,15.0,1.0,1.0,1.0,1.0,;
0.0,8.0,16.0,1.0,1.0,1.0,1.0,;
0.0,9.0,0.0,1.0,1.0,1.0,1.0,;
0.0,9.0,1.0,1.0,1.0,1.0,1.0,;
0.0,9.0,2.0,1.0,1.0,1.0,1.0,;
0.0,9.0,3.0,1.0,1.0,1.0,1.0,;
0.0,9.0,4.0,1.0,1.0,1.0,1.0,;
0.0,9.0,5.0,1.0,1.0,1.0,1.0,;
0.0,9.0,6.0,1.0,1.0,1.0,1.0,;
0.0,9.0,7.0,1.0,1.0,1.0,1.0,;
0.0,9.0,8.0,1.0,1.0,1.0,1.0,;
0.0,9.0,9.0,1.0,1.0,1.0,1.0,;
0.0,9.0,10.0,1.0,1.0,1.0,1.0,;
0.0,9.0,11.0,1.0,1.0,1.0,1.0,;
0.0,9.0,12.0,1.0,1.0,1.0,1.0,;
0.0,9.0,13.0,1.0,1.0,1.0,1.0,;
0.0,9.0,14.0,1.0,1.0,1.0,1.0,;
0.0,9.0,15.0,1.0,1.0,1.0,1.0,;
0.0,9.0,16.0,1.0,1.0,1.0,1.0,;
0.0,10.0,0.0,1.0,1.0,1.0,1.0,;
0.0,10.0,1.0,1.0,1.0,1.0,1.0,;
0.0,10.0,2.0,1.0,1.0,1.0,1.0,;
0.0,10.0,3.0,1.0,1.0,1.0,1.0,;
0.0,10.0,4.0,1.0,1.0,1.0,1.0,;
0.0,10.0,5.0,1.0,1.0,1.0,1.0,;
0.0,10.0,6.0,1.0,1.0,1.0,1.0,;
0.0,10.0,7.0,1.0,1.0,1.0,1.0,;
0.0,10.0,8.0,1.0,1.0,1.0,1.0,;
0.0,10.0,9.0,1.0,1.0,1.0,1.0,;
0.0,10.0,10.0,1.0,1.0,1.0,1.0,;
0.0,10.0,11.0,1.0,1.0,1.0,1.0,;
0.0,10.0,12.0,1.0,1.0,1.0,1.0,;
0.0,10.0,13.0,1.0,1.0,1.0,1.0,;
0.0,10.0,14.0,1.0,1.0,1.0,1.0,;
0.0,10.0,15.0,1.0,1.0,1.0,1.0,;
0.0,10.0,16.0,1.0,1.0,1.0,1.0,;
0.0,11.0,0.0,1.0,1.0,1.0,1.0,;
0.0,11.0,1.0,1.0,1.0,1.0,1.0,;
0.0,11.0,2.0,1.0,1.0,1.0,1.0,;
0.0,11.0,3.0,1.0,1.0,1.0,1.0,;
0.0,11.0,4.0,1.0,1.0,1.0,1.0,;
0.0,11.0,5.0,1.0,1.0,1.0,1.0,;
0.0,11.0,6.0,1.0,1.0,1.0,1.0,;
0.0,11.0,7.0,1.0,1.0,1.0,1.0,;
0.0,11.0,8.0,1.0,1.0,1.0,1.0,;
0.0,11.0,9.0,1.0,1.0,1.0,1.0,;
0.0,11.0,10.0,1.0,1.0,1.0,1.0,;
0.0,11.0,11.0,1.0,1.0,1.0,1.0,;
0.0,11.0,12.0,1.0,1.0,1.0,1.0,;
0.0,11.0,13.0,1.0,1.0,1.0,1.0,;
0.0,11.0,14.0,1.0,1.0,1.0,1.0,;
0.0,11.0,15.0,1.0,1.0,1.0,1.0,;
0.0,11.0,16.0,1.0,1.0,1.0,1.0,;
0.0,12.0,0.0,1.0,1.0,1.0,1.0,;
0.0,12.0,1.0,1.0,1.0,1.0,1.0,;
0.0,12.0,2.0,1.0,1.0,1.0,1.0,;
0.0,12.0,3.0,1.0,1.0,1.0,1.0,;
0.0,12.0,4.0,1.0,1.0,1.0,1.0,;
0.0,12.0,5.0,1.0,1.0,1.0,1.0,;
0.0,12.0,6.0,1.0,1.0,1.0,1.0,;
0.0,12.0,7.0,1.0,1.0,1.0,1.0,;
0.0,12.0,8.0,1.0,1.0,1.0,1.0,;
0.0,12.0,9.0,1.0,1.0,1.0,1.0,;
0.0,12.0,10.0,1.0,1.0,1.0,1.0,;
0.0,12.0,11.0,1.0,1.0,1.0,1.0,;
0.0,12.0,12.0,1.0,1.0,1.0,1.0,;
0.0,12.0,13.0,1.0,1.0,1.0,1.0,;
0.0,12.0,14.0,1.0,1.0,1.0,1.0,;
0.0,12.0,15.0,1.0,1.0,1.0,1.0,;
0.0,12.0,16.0,1.0,1.0,1.0,1.0,;
0.0,13.0,0.0,1.0,1.0,1.0,1.0,;
0.0,13.0,1.0,1.0,1.0,1.0,1.0,;
0.0,13.0,2.0,1.0,1.0,1.0,1.0,;
0.0,13.0,3.0,1.0,1.0,1.0,1.0,;
0.0,13.0,4.0,1.0,1.0,1.0,1.0,;
0.0,13.0,5.0,1.0,1.0,1.0,1.0,;
0.0,13.0,6.0,1.0,1.0,1.0,1.0,;
0.0,13.0,7.0,1.0,1.0,1.0,1.0,;
0.0,13.0,8.0,1.0,1.0,1.0,1.0,;
0.0,13.0,9.0,1.0,1.0,1.0,1.0,;
0.0,13.0,10.0,1.0,1.0,1.0,1.0,;
0.0,13.0,11.0,1.0,1.0,1.0,1.0,;
0.0,13.0,12.0,1.0,1.0,1.0,1.0,;
0.0,13.0,13.0,1.0,1.0,1.0,1.0,;
0.0,13.0,14.0,1.0,1.0,1.0,1.0,;
0.0,13.0,15.0,1.0,1.0,1.0,1.0,;
0.0,13.0,16.0,1.0,1.0,1.0,1.0,;
0.0,14.0,0.0,1.0,1.0,1.0,1.0,;
0.0,14.0,1.0,1.0,1.0,1.0,1.0,;
0.0,14.0,2.0,1.0,1.0,1.0,1.0,;
0.0,14.0,3.0,1.0,1.0,1.0,1.0,;
0.0,14.0,4.0,1.0,1.0,1.0,1.0,;
0.0,14.0,5.0,1.0,1.0,1.0,1.0,;
0.0,14.0,6.0,1.0,1.0,1.0,1.0,;
0.0,14.0,7.0,1.0,1.0,1.0,1.0,;
0.0,14.0,8.0,1.0,1.0,1.0,1.0,;
0.0,14.0,9.0,1.0,1.0,1.0,1.0,;
0.0,14.0,10.0,1.0,1.0,1.0,1.0,;
0.0,14.0,11.0,1.0,1.0,1.0,1.0,;
0.0,14.0,12.0,1.0,1.0,1.0,1.0,;
0.0,14.0,13.0,1.0,1.0,1.0,1.0,;
0.0,14.0,14.0,1.0,1.0,1.0,1.0,;
0.0,14.0,15.0,1.0,1.0,1.0,1.0,;
0.0,14.0,16.0,1.0,1.0,1.0,1.0,;
0.0,15.0,0.0,1.0,1.0,1.0,1.0,;
0.0,15.0,1.0,1.0,1.0,1.0,1.0,;
0.0,15.0,2.0,1.0,1.0,1.0,1.0,;
0.0,15.0,3.0,1.0,1.0,1.0,1.0,;
0.0,15.0,4.0,1.0,1.0,1.0,1.0,;
0.0,15.0,5.0,1.0,1.0,1.0,1.0,;
0.0,15.0,6.0,1.0,1.0,1.0,1.0,;
0.0,15.0,7.0,1.0,1.0,1.0,1.0,;
0.0,15.0,8.0,1.0,1.0,1.0,1.0,;
0.0,15.0,9.0,1.0,1.0,1.0,1.0,;
0.0,15.0,10.0,1.0,1.0,1.0,1.0,;
0.0,15.0,11.0,1.0,1.0,1.0,1.0,;
0.0,15.0,12.0,1.0,1.0,1.0,1.0,;
0.0,15.0,13.0,1.0,1.0,1.0,1.0,;
0.0,15.0,14.0,1.0,1.0,1.0,1.0,;
0.0,15.0,15.0,1.0,1.0,1.0,1.0,;
0.0,15.0,16.0,1.0,1.0,1.0,1.0,;
0.0,16.0,0.0,1.0,1.0,1.0,1.0,;
0.0,16.0,1.0,1.0,1.0,1.0,1.0,;
0.0,16.0,2.0,1.0,1.0,1.0,1.0,;
0.0,16.0,3.0,1.0,1.0,1.0,1.0,;
0.0,16.0,4.0,1.0,1.0,1.0,1.0,;
0.0,16.0,5.0,1.0,1.0,1.0,1.0,;
0.0,16.0,6.0,1.0,1.0,1.0,1.0,;
0.0,16.0,7.0,1.0,1.0,1.0,1.0,;
0.0,16.0,8.0,1.0,1.0,1.0,1.0,;
0.0,16.0,9.0,1.0,1.0,1.0,1.0,;
0.0,16.0,10.0,1.0,1.0,1.0,1.0,;
0.0,16.0,11.0,1.0,1.0,1.0,1.0,;
0.0,16.0,12.0,1.0,1.0,1.0,1.0,;
0.0,16.0,13.0,1.0,1.0,1.0,1.0,;
0.0,16.0,14.0,1.0,1.0,1.0,1.0,;
0.0,16.0,15.0,1.0,1.0,1.0,1.0,;
0.0,16.0,16.0,1.0,1.0,1.0,1.0,;
0.0,17.0,0.0,1.0,1.0,1.0,1.0,;
0.0,17.0,1.0,1.0,1.0,1.0,1.0,;
0.0,17.0,2.0,1.0,1.0,1.0,1.0,;
0.0,17.0,3.0,1.0,1.0,1.0,1.0,;
0.0,17.0,4.0,1.0,1.0,1.0,1.0,;
0.0,17.0,5.0,1.0,1.0,1.0,1.0,;
0.0,17.0,6.0,1.0,1.0,1.0,1.0,;
0.0,17.0,7.0,1.0,1.0,1.0,1.0,;
0.0,17.0,8.0,1.0,1.0,1.0,1.0,;
0.0,17.0,9.0,1.0,1.0,1.0,1.0,;
0.0,17.0,10.0,1.0,1.0,1.0,1.0,;
0.0,17.0,11.0,1.0,1.0,1.0,1.0,;
0.0,17.0,12.0,1.0,1.0,1.0,1.0,;
0.0,17.0,13.0,1.0,1.0,1.0,1.0,;
0.0,17.0,14.0,1.0,1.0,1.0,1.0,;
0.0,17.0,15.0,1.0,1.0,1.0,1.0,;
0.0,17.0,16.0,1.0,1.0,1.0,1.0,;
0.0,18.0,0.0,1.0,1.0,1.0,1.0,;
0.0,18.0,1.0,1.0,1.0,1.0,1.0,;
0.0,18.0,2.0,1.0,1.0,1.0,1.0,;
0.0,18.0,3.0,1.0,1.0,1.0,1.0,;
0.0,18.0,4.0,1.0,1.0,1.0,1.0,;
0.0,18.0,5.0,1.0,1.0,1.0,1.0,;
0.0,18.0,6.0,1.0,1.0,1.0,1.0,;
0.0,18.0,7.0,1.0,1.0,1.0,1.0,;
0.0,18.0,8.0,1.0,1.0,1.0,1.0,;
0.0,18.0,9.0,1.0,1.0,1.0,1.0,;
0.0,18.0,10.0,1.0,1.0,1.0,1.0,;
0.0,18.0,11.0,1.0,1.0,1.0,1.0,;
0.0,18.0,12.0,1.0,1.0,1.0,1.0,;
0.0,18.0,13.0,1.0,1.0,1.0,1.0,;
0.0,18.0,14.0,1.0,1.0,1.0,1.0,;
0.0,18.0,15.0,1.0,1.0,1.0,1.0,;
0.0,18.0,16.0,1.0,1.0,1.0,1.0,;
1.0,0.0,0.0,-4.84931968096,-4.8776409331,-4.8680434105,-4.8797525695,;
1.0,0.0,1.0,-0.950011033036,-1.05089164675,-0.995021457257,-2.34774114623,;
1.0,0.0,2.0,-0.979074635243,-1.00006146359,-0.995554895834,-0.981996932165,;
1.0,0.0,3.0,-1.07660069147,-0.983511258728,-1.04861518277,-0.994351352671,;
1.0,0.0,4.0,-1.08035647553,-1.10531655991,-1.05216206502,-1.06910413692,;
1.0,0.0,5.0,-2.06568941686,-1.11539985142,-1.04044005133,-0.992711661395,;
1.0,0.0,6.0,-0.62311166045,-0.715613653461,-0.773514405118,-0.654279631221,;
1.0,0.0,7.0,-0.685507145067,-0.652349170302,-0.67028287405,-0.657213676445,;
1.0,0.0,8.0,-0.688848416044,-0.665620180469,-0.677812741067,-0.642636469474,;
1.0,0.0,9.0,-0.623361309325,-0.682313210707,-0.67701279511,-0.657213676445,;
1.0,0.0,10.0,-0.556484074694,-0.653399199389,-0.620714711104,-1.228,;
1.0,0.0,11.0,-0.840493406619,-0.805943259434,-0.774539212008,-0.828099894874,;
1.0,0.0,12.0,-0.924035670865,-0.912996247842,-0.986332141259,-0.909337831861,;
1.0,0.0,13.0,-0.904542959528,-0.908398092298,-0.971242095416,-0.905167542979,;
1.0,0.0,14.0,-0.870133883652,-0.918657535742,-2.77734802367,-0.889468896453,;
1.0,0.0,15.0,-0.870538793566,-0.810639830867,-0.771742501706,-0.744069402916,;
1.0,0.0,16.0,-3.03117766278,-3.31063287097,-2.649460974,-3.01180692388,;
1.0,1.0,0.0,-0.805252702931,-0.909059342575,-0.861665116813,-1.21231111222,;
1.0,1.0,1.0,-1.02992177198,-0.890279399292,-0.93387771572,-0.906806818816,;
1.0,1.0,2.0,-1.02735517633,-0.981251949822,-1.04662290472,-0.98803730878,;
1.0,1.0,3.0,-1.06757912595,-1.00774581525,-1.04591339009,-0.997681139855,;
1.0,1.0,4.0,-1.02804269619,-1.03427873652,-1.08052572813,-1.07166611517,;
1.0,1.0,5.0,-0.967928901207,-0.992882183092,-1.02011759633,-0.941833557745,;
1.0,1.0,6.0,-0.834335656813,-0.885678917497,-0.812944250668,-0.848611669504,;
1.0,1.0,7.0,-0.726853060772,-0.77861270959,-0.73517501581,-0.705557495432,;
1.0,1.0,8.0,-0.688024695567,-0.695338797539,-0.675672534432,-0.661553495558,;
1.0,1.0,9.0,-0.652737562048,-0.56728543226,-0.543116839111,-0.583627607358,;
1.0,1.0,10.0,-1.06286421397,-1.1172971369,-1.116427268,-1.37844328294,;
1.0,1.0,11.0,-0.938499425932,-0.84688672178,-1.30774230815,-0.916840795973,;
1.0,1.0,12.0,-2.07713576026,-2.01880900413,-1.45992453437,-1.43111075492,;
1.0,1.0,13.0,-0.988987338379,-0.960010829077,-0.99965099149,-0.925992882536,;
1.0,1.0,14.0,-0.916081212577,-0.944511005032,-0.989112437358,-0.978728386621,;
1.0,1.0,15.0,-1.06611255039,-0.944675885123,-0.912568488334,-0.868099022594,;
1.0,1.0,16.0,-1.77725755858,-1.73090738304,-1.75243701495,-1.86489719805,;
1.0,2.0,0.0,-0.781094295731,-0.739349319283,-2.88238859498,-0.752566677345,;
1.0,2.0,1.0,-0.83393447652,-2.33845618488,-0.85302800787,-0.97284082768,;
1.0,2.0,2.0,-0.971781751941,-0.978099440376,-1.03418894071,-1.00781383291,;
1.0,2.0,3.0,-1.0555201207,-0.990674477809,-1.04186936622,-1.0068219297,;
1.0,2.0,4.0,-1.07141566186,-1.02337626472,-1.0121768225,-1.07180183191,;
1.0,2.0,5.0,-0.98151644747,-0.962038226672,-4.94287032696,-0.968937417835,;
1.0,2.0,6.0,-0.849079796423,-0.854384702953,-0.889242531436,-0.868568045609,;
1.0,2.0,7.0,-0.795789296073,-0.790548648761,-0.80735020589,-0.72811583465,;
1.0,2.0,8.0,-0.717719688233,-0.75229700167,-1.61087711968,-0.753682723981,;
1.0,2.0,9.0,-0.652638953294,-0.67448618128,-0.661667841371,-0.647106301848,;
1.0,2.0,10.0,-0.868640904503,-2.57513708817,-0.847312993029,-0.884447017583,;
1.0,2.0,11.0,-0.751493111852,-0.657589286957,-0.63336879788,-0.619221372805,;
1.0,2.0,12.0,-1.27176446961,-1.56172643773,-1.22859482134,-1.23048643021,;
1.0,2.0,13.0,-1.09562135622,-1.11791363431,-3.61491264,-1.15562797529,;
1.0,2.0,14.0,-1.02790297376,-1.10242436215,-1.10018522097,-1.04582566198,;
1.0,2.0,15.0,-1.05742263381,-1.05851386112,-1.09644820056,-1.01647221212,;
1.0,2.0,16.0,-3.36110276245,-1.67933943809,-1.74318314087,-1.68466636866,;
1.0,3.0,0.0,0.475801155482,-0.12,-1.12,0.379248058597,;
1.0,3.0,1.0,-1.45987088863,-2.91251274076,-3.70984636442,-1.60139683779,;
1.0,3.0,2.0,-1.17468297868,-1.19001303198,-2.65432262014,-1.09446837094,;
1.0,3.0,3.0,-1.03578869861,-1.06989633952,-2.69528222514,-1.06420822692,;
1.0,3.0,4.0,-1.14776064,-1.09234650917,-2.0352,-1.03816622787,;
1.0,3.0,5.0,0.352641010169,0.177051793197,-1.12,0.307448597094,;
1.0,3.0,6.0,-0.801906456047,-2.93491962346,-3.70986430387,-0.802930542541,;
1.0,3.0,7.0,-0.72436427988,-0.77537005442,-0.831284049423,-0.806952680497,;
1.0,3.0,8.0,-0.701359226561,-0.673070423365,-0.66495042314,-0.633662773899,;
1.0,3.0,9.0,-0.6952992716,-0.68028610583,-0.737908541099,-0.719808003537,;
1.0,3.0,10.0,-0.778484016807,-0.748316393875,-0.767789276979,-0.801551460573,;
1.0,3.0,11.0,-0.826388334296,-0.820858094064,-0.782468999043,-0.79824755067,;
1.0,3.0,12.0,-3.69140305144,-1.02426340152,-1.128,-0.996228441356,;
1.0,3.0,13.0,0.323051186889,0.283610780604,-3.028,0.49714443794,;
1.0,3.0,14.0,-1.16227261135,-1.138368,-3.65603215376,-1.1237734843,;
1.0,3.0,15.0,-1.22669002243,-1.13913254335,-1.61767138995,-1.15392892322,;
1.0,3.0,16.0,-1.74150000919,-3.14363068723,-1.75828889895,-1.76559880136,;
1.0,4.0,0.0,-0.12,-1.12,-1.02,1.0,;
1.0,4.0,1.0,0.0355021497076,-1.12,-1.12,-0.274212411437,;
1.0,4.0,2.0,-0.740191539455,-5.08176148281,-1.1376,-0.714184528814,;
1.0,4.0,3.0,-2.86439937393,-0.854947593616,-4.308647616,-0.842983867742,;
1.0,4.0,4.0,-3.028,0.6637408,-1.12,0.662351829098,;
1.0,4.0,5.0,-1.14356611202,-0.12,-1.02,-0.1296,;
1.0,4.0,6.0,0.236823364,-3.1176,-1.12,0.259857579918,;
1.0,4.0,7.0,-0.831355991898,-3.63377560121,-2.05344,-0.828901827859,;
1.0,4.0,8.0,-0.731980300617,-0.727240854989,-0.670603869068,-0.743783920548,;
1.0,4.0,9.0,-0.694001457084,-0.70692515492,-0.623066600558,-0.748329957107,;
1.0,4.0,10.0,-0.603995486487,-0.668270599191,-0.626757091447,-0.651742362929,;
1.0,4.0,11.0,-2.0610903666,-0.690111132897,-2.062848,-0.73734472505,;
1.0,4.0,12.0,-1.12,0.679343026299,-1.12,0.572422509022,;
1.0,4.0,13.0,-1.1376,-0.12,1.0,-0.12,;
1.0,4.0,14.0,0.437922270144,-1.12,-1.12,0.376160230844,;
1.0,4.0,15.0,-0.225053312918,-1.16092744888,-3.128,-0.371183293482,;
1.0,4.0,16.0,-1.72202786674,-1.66071435388,-1.66569887828,-1.76770830733,;
1.0,5.0,0.0,1.0,1.0,1.0,1.0,;
1.0,5.0,1.0,-0.12,-1.02,-0.1296,-0.12,;
1.0,5.0,2.0,-0.12,-3.028,0.64709056,0.88,;
1.0,5.0,3.0,-1.12,-0.12,0.6386848,0.331783110035,;
1.0,5.0,4.0,-1.02,-0.139008,1.0,1.0,;
1.0,5.0,5.0,1.0,1.0,1.0,1.0,;
1.0,5.0,6.0,-0.12,-1.02,-0.1296,1.0,;
1.0,5.0,7.0,0.564069811046,-1.12,0.578700165196,0.504456122679,;
1.0,5.0,8.0,-0.614172537348,-2.90884950127,-0.569731959714,-0.657970809462,;
1.0,5.0,9.0,-2.21426553482,-0.629962821629,-2.49650400484,-0.613330003587,;
1.0,5.0,10.0,-3.65215210325,-0.292310185406,-0.376687995756,-0.372681863851,;
1.0,5.0,11.0,-1.12,0.445177721711,0.531769908724,0.53526867254,;
1.0,5.0,12.0,-1.02,-0.12,-0.1296,1.0,;
1.0,5.0,13.0,1.0,1.0,1.0,1.0,;
1.0,5.0,14.0,-0.12,-1.02,1.0,-0.12,;
1.0,5.0,15.0,0.82540950529,-1.12,0.700718920916,0.663428360501,;
1.0,5.0,16.0,-1.66030008541,-2.81566822037,-1.70015667989,-1.71712350357,;
1.0,6.0,0.0,-0.12,1.0,-0.12,1.0,;
1.0,6.0,1.0,0.752992,-1.12,0.8704,-1.12,;
1.0,6.0,2.0,0.295258247296,-1.128,0.23830002784,-2.05344,;
1.0,6.0,3.0,-0.12,0.149116278557,0.433260064,-0.12,;
1.0,6.0,4.0,-1.12,0.88,0.869632,1.0,;
1.0,6.0,5.0,-0.12,-0.12,-0.12,-1.02,;
1.0,6.0,6.0,0.88,-3.028,0.8704,-1.12,;
1.0,6.0,7.0,-0.236429469188,-1.128,-0.12888817919,-1.1376,;
1.0,6.0,8.0,-0.67221131469,-1.17219910664,-0.586402456766,-0.600802486399,;
1.0,6.0,9.0,-0.565414297329,-0.611844107221,-0.638972547058,-0.606753665409,;
1.0,6.0,10.0,-0.654334445607,-0.642712220143,-0.695495899471,-1.24245613239,;
1.0,6.0,11.0,-2.04792945992,-0.662415296675,-0.627997935883,-1.15060687291,;
1.0,6.0,12.0,-1.12,0.642890804861,0.491352429219,-1.12,;
1.0,6.0,13.0,-0.12,1.0,-0.12,-1.02,;
1.0,6.0,14.0,0.709790035333,-1.12,0.8704,-1.12,;
1.0,6.0,15.0,-0.244836942636,-0.12,-0.129809594796,-0.12,;
1.0,6.0,16.0,-0.824548983368,-2.234648094,-0.826826359031,-0.915652945935,;
1.0,7.0,0.0,0.88,-1.128,0.88,-1.12,;
1.0,7.0,1.0,0.6371807488,-0.12,0.456959584,-0.12,;
1.0,7.0,2.0,0.42093305728,0.369201579904,0.42463223424,0.392523970048,;
1.0,7.0,3.0,0.328242802048,0.331824600448,0.224160678208,0.40050830464,;
1.0,7.0,4.0,-0.12,0.17119923568,0.205381404727,-0.12,;
1.0,7.0,5.0,0.74377216,0.724884448768,0.8704,-1.12,;
1.0,7.0,6.0,-0.12031721983,-2.05344,-0.0953981801297,-0.12,;
1.0,7.0,7.0,-0.148143764982,-0.227241583255,-0.174407370745,-0.239362528013,;
1.0,7.0,8.0,-0.422102372242,-0.369001832131,-0.535911018595,-0.433138720662,;
1.0,7.0,9.0,-0.506444341607,-0.502581184274,-0.558745764541,-0.573458740026,;
1.0,7.0,10.0,-0.560604237369,-0.591988034562,-0.598763908817,-0.588125072578,;
1.0,7.0,11.0,-0.604155588374,-0.566572219332,-1.94847743316,-0.652135641237,;
1.0,7.0,12.0,-4.35512806728,-0.513265672914,-0.487333171304,-2.06046819772,;
1.0,7.0,13.0,0.445452736902,0.450380676104,0.412135233007,-1.12,;
1.0,7.0,14.0,-0.41632089544,-1.1376,-0.187296472927,-1.1376,;
1.0,7.0,15.0,-0.338968898966,-0.286944714418,-0.277074910455,-0.324113704487,;
1.0,7.0,16.0,-0.82223955674,-0.868397334189,-0.779151894471,-0.859036695985,;
1.0,8.0,0.0,0.75349376,0.88,0.88,-0.12,;
1.0,8.0,1.0,0.508610627891,0.6652,0.58333536,0.7445248,;
1.0,8.0,2.0,0.397733486879,0.462644704,0.3414905632,0.4312856512,;
1.0,8.0,3.0,0.302792771261,0.26961702112,0.219165442689,0.406462038784,;
1.0,8.0,4.0,0.207254225065,0.259222639736,0.203265419996,0.204842758643,;
1.0,8.0,5.0,0.0752542208388,0.0811325293804,0.105038988092,-0.12,;
1.0,8.0,6.0,-0.0387527602116,-0.0385858632764,-0.0942887231079,-0.0280653818509,;
1.0,8.0,7.0,-0.0321254197027,-0.0606612513906,-0.132899280215,-0.121428457411,;
1.0,8.0,8.0,-0.415151941808,-1.70624425492,-0.43212120518,-0.470239346966,;
1.0,8.0,9.0,-0.428089524785,-0.418305901811,-0.489198955417,-0.496091232173,;
1.0,8.0,10.0,-0.493870382732,-0.567212007601,-0.583891121425,-0.557328470524,;
1.0,8.0,11.0,-0.36897784858,-0.386695974132,-0.328080246617,-0.423507743797,;
1.0,8.0,12.0,-0.5049572366,-0.52477921598,-1.74770758732,-0.47698045266,;
1.0,8.0,13.0,-0.354315657238,-0.414292856409,-0.461553019198,-2.89757568,;
1.0,8.0,14.0,-0.246994022626,-0.34184833139,-0.31387172088,-0.321412028135,;
1.0,8.0,15.0,-0.229816893581,-0.315680927149,-0.29570373388,-0.303161472372,;
1.0,8.0,16.0,-2.68068751802,-0.833961029055,-0.87423076264,-0.817211068316,;
1.0,9.0,0.0,0.88,0.88,3.6558,1.0,;
1.0,9.0,1.0,0.752992,0.89432,2.2561982606,0.8704,;
1.0,9.0,2.0,0.508135061832,0.598903870936,0.578132226432,0.502871939891,;
1.0,9.0,3.0,0.314323096975,0.280675664576,0.23308281568,0.31601759127,;
1.0,9.0,4.0,0.280418656403,0.0953371058042,0.217684725765,-1.72666416467,;
1.0,9.0,5.0,0.063680410875,0.0657606301638,0.117105367126,0.0854483789425,;
1.0,9.0,6.0,-0.105516550958,-0.116949041259,-0.117227302757,-0.0851964443015,;
1.0,9.0,7.0,-0.228146120003,-0.228235663289,-0.243655978754,-0.165538424782,;
1.0,9.0,8.0,-0.26676721543,-0.32551766752,-0.305267405131,-0.339414263488,;
1.0,9.0,9.0,-0.346424495027,-0.284811589738,-0.190014692348,-0.239760225451,;
1.0,9.0,10.0,-1.51676176,-1.43747916608,-0.796280910521,-0.746337368728,;
1.0,9.0,11.0,-0.125875669804,-0.202241175192,-0.126370516455,-0.22249943469,;
1.0,9.0,12.0,-0.242555179191,-0.164158478398,-2.03391964192,-0.265287777404,;
1.0,9.0,13.0,-0.364679445335,-0.334841858955,-0.317554771801,-0.334751824228,;
1.0,9.0,14.0,-0.377917773583,-0.290807665373,-0.324029604076,-0.3509116471,;
1.0,9.0,15.0,-0.547667155439,-0.283979203394,-0.396697337807,-0.250435307198,;
1.0,9.0,16.0,-0.99082705959,-0.99243099122,-1.05834798709,-1.05954104638,;
1.0,10.0,0.0,1.0,1.0,1.0,1.0,;
1.0,10.0,1.0,0.863472856956,8.03219054249,0.891969408,0.87928194172,;
1.0,10.0,2.0,0.50835966976,2.44704213342,0.7624,0.752992,;
1.0,10.0,3.0,0.300125916237,0.384861935578,0.42193744,0.408540917832,;
1.0,10.0,4.0,0.282505547576,0.25474892896,0.204250127972,0.23074584352,;
1.0,10.0,5.0,0.05805187309,0.16572409264,0.0108029394894,0.117820845323,;
1.0,10.0,6.0,-0.0778478032063,-0.0421966179261,-0.0695608348847,-0.103362129753,;
1.0,10.0,7.0,-0.196734032663,-0.256272936761,-0.959758445751,-0.280263134133,;
1.0,10.0,8.0,-0.217189123827,-0.23525372033,-0.184838213278,-0.279167761368,;
1.0,10.0,9.0,-0.28569862182,-0.242287427901,-0.201287344402,-0.260114630521,;
1.0,10.0,10.0,-0.550450892991,-1.65039459255,-0.585195302276,-0.558942053996,;
1.0,10.0,11.0,-0.365848135092,-0.364878336514,-0.3836251797,-0.299492114697,;
1.0,10.0,12.0,-0.309053165657,-0.345779389754,-0.321142301495,-0.342417049484,;
1.0,10.0,13.0,-0.291825852078,-0.356125807134,-0.308192674644,-0.334193964974,;
1.0,10.0,14.0,-0.404065101847,-0.35074882184,-0.423573690576,-0.362656540402,;
1.0,10.0,15.0,-0.527521947979,-0.448178410815,-0.510650810183,-0.440656276717,;
1.0,10.0,16.0,-1.05749765824,-1.07448661426,-1.07478641108,-1.09846552393,;
1.0,11.0,0.0,0.88,1.0,1.0,1.0,;
1.0,11.0,1.0,0.88,0.88,0.88,1.49491817662,;
1.0,11.0,2.0,0.7523008,0.772,0.6652,0.77494580761,;
1.0,11.0,3.0,0.504489088,0.482572,0.53358688,0.430590304,;
1.0,11.0,4.0,0.284286497373,0.2838441904,0.252677015488,0.321010560019,;
1.0,11.0,5.0,0.116249092082,0.0809844226946,0.117503591295,0.0809053836465,;
1.0,11.0,6.0,-0.0481094506558,0.046808835447,-0.0813978506766,0.0880401797228,;
1.0,11.0,7.0,-0.050957846015,-0.0448353941329,-0.0338775415076,-0.0840575129644,;
1.0,11.0,8.0,-0.229492338586,-0.163691438561,-0.176499457245,-0.131798647715,;
1.0,11.0,9.0,-0.222411099191,-0.242030793308,-0.282543035217,-0.371822058435,;
1.0,11.0,10.0,-0.387247357449,-0.392366503902,-0.435455781931,-0.352742657813,;
1.0,11.0,11.0,-0.44846116497,-0.431812702514,-0.36942108481,-0.36635427725,;
1.0,11.0,12.0,-1.83236637632,-0.491051670554,-0.491196220996,-0.437053955504,;
1.0,11.0,13.0,-0.327327406168,-0.27030087219,-0.317005645913,-0.342910580056,;
1.0,11.0,14.0,-0.473779229617,-0.49671213329,-0.448629069695,-0.446517701892,;
1.0,11.0,15.0,-0.432034494366,-0.470475698137,-0.578611410033,-0.466732067379,;
1.0,11.0,16.0,-1.22991630709,-1.25152496909,-1.23663667995,-1.24376763371,;
1.0,12.0,0.0,0.88,1.0,1.0,1.0,;
1.0,12.0,1.0,0.772,0.88,0.88,0.88,;
1.0,12.0,2.0,0.560536,0.6748,0.66147831551,0.74828999203,;
1.0,12.0,3.0,0.52534432,0.48958,0.55114336,0.5183030656,;
1.0,12.0,4.0,0.284612532579,0.2596615984,0.31555731904,0.341483824,;
1.0,12.0,5.0,0.185434374547,0.0750885170272,0.214033335932,0.11201277571,;
1.0,12.0,6.0,-0.0126369819968,0.0496295075726,-0.0307365874808,0.00527493853465,;
1.0,12.0,7.0,-0.13640728179,-0.0584153766181,-0.116678618618,-0.0745781213965,;
1.0,12.0,8.0,-0.127599724043,-0.157829122712,-0.164741226781,-0.198268367085,;
1.0,12.0,9.0,-0.301447835714,-0.218589446055,-0.22148255249,-0.309718944737,;
1.0,12.0,10.0,-0.306016992924,-0.333154557148,-0.363655620866,-0.316477905273,;
1.0,12.0,11.0,-0.342353685373,-0.360721450304,-0.221944818698,-0.317916018387,;
1.0,12.0,12.0,-0.474055407554,-0.464317548725,-0.343241934205,-0.45589562206,;
1.0,12.0,13.0,-0.431314155784,-0.437076704525,-0.509294419053,-0.400293469672,;
1.0,12.0,14.0,-0.561059936363,-0.510913880764,-0.548461744414,-0.587408550104,;
1.0,12.0,15.0,-0.661099210516,-0.675879362755,-0.68317313387,-0.677086125257,;
1.0,12.0,16.0,-1.21823223971,-1.1934968352,-1.17021394644,-1.22895002516,;
1.0,13.0,0.0,0.88,0.88,3.18,1.0,;
1.0,13.0,1.0,0.88,0.772,1.0544,1.0,;
1.0,13.0,2.0,0.7624,0.772,1.08012457079,0.761632,;
1.0,13.0,3.0,0.6386848,0.561304,0.6282208,-1.3423072,;
1.0,13.0,4.0,0.299438562992,0.293144632,0.204712909018,0.40858421632,;
1.0,13.0,5.0,0.103917915407,0.155681664567,0.181377051559,0.106457138092,;
1.0,13.0,6.0,-0.0108661153077,-0.0268810506699,0.0223741599665,0.00341017659156,;
1.0,13.0,7.0,-1.12529635186,-0.12037122857,-0.193133335229,-0.156723841607,;
1.0,13.0,8.0,-0.0631596544916,-0.0658816080045,-0.0625506909087,-0.124496935647,;
1.0,13.0,9.0,-0.247447626748,-0.269962714825,-1.0554752,-0.276055257437,;
1.0,13.0,10.0,-0.231083439718,-0.221583215825,-0.250451098146,-0.209831097962,;
1.0,13.0,11.0,-0.133178292221,-0.126463627588,-0.0791400612,-0.0614855735223,;
1.0,13.0,12.0,-0.543875669311,-1.20547205268,-0.525670297962,-0.490038228415,;
1.0,13.0,13.0,-0.436384262919,-0.413953009063,-0.4826414127,-0.421764040122,;
1.0,13.0,14.0,-0.677295921776,-1.21895048162,-0.641497025492,-0.622445867644,;
1.0,13.0,15.0,-0.925119039348,-0.760279626448,-1.53973084745,-0.774338271106,;
1.0,13.0,16.0,-1.2887370285,-1.30209279674,-1.26176314504,-1.30245055243,;
1.0,14.0,0.0,1.0,1.0,1.0,1.0,;
1.0,14.0,1.0,0.88,15.1988100058,1.0,1.0,;
1.0,14.0,2.0,0.761632,4.79226578187,0.74512,0.75939740672,;
1.0,14.0,3.0,0.52568279296,0.982408230394,0.521656,-1.12,;
1.0,14.0,4.0,0.319061768228,0.268663604058,-1.2626192,0.217798552,;
1.0,14.0,5.0,0.186478078503,0.150948883168,0.193719853427,0.110012523783,;
1.0,14.0,6.0,0.0890934100857,0.0367420467808,0.00078599316985,-0.0075060950201,;
1.0,14.0,7.0,-0.0979959847237,-0.125445645055,-0.109946109727,-0.115531999371,;
1.0,14.0,8.0,-0.0328625579139,-0.081438335965,-0.104797199923,-0.0457390466596,;
1.0,14.0,9.0,0.157945169508,-0.00591161738343,0.10155849903,0.0119834152339,;
1.0,14.0,10.0,-0.131087536879,-0.104165486108,-0.044343066294,-0.200473814252,;
1.0,14.0,11.0,-0.266419520731,-0.1343638832,-0.195993074242,-0.0994720740147,;
1.0,14.0,12.0,-0.423910957298,-2.21177103713,-0.48759679021,-0.54104124958,;
1.0,14.0,13.0,-0.517435695103,-0.522136448873,-0.506874268255,-0.555049623963,;
1.0,14.0,14.0,-0.635636015095,-0.646446582809,-0.687193152579,-2.03394032884,;
1.0,14.0,15.0,-0.596617788176,-0.557799400763,-0.508992543026,-0.634588466616,;
1.0,14.0,16.0,-1.27064891383,-1.21237074653,-1.26449811896,-1.27367287268,;
1.0,15.0,0.0,0.88,1.0,1.0,1.0,;
1.0,15.0,1.0,0.752992,0.88,0.8704,0.88,;
1.0,15.0,2.0,0.515835811615,0.6652,0.74512,0.7624,;
1.0,15.0,3.0,0.5194745728,0.4724728,0.52658848,0.442020739251,;
1.0,15.0,4.0,0.4374344896,0.36881418432,0.419207968,0.40076280448,;
1.0,15.0,5.0,0.193309139879,0.245065528,0.218176900012,0.179016554903,;
1.0,15.0,6.0,-0.0225047880855,0.0577973511385,0.115617184412,0.0792336036784,;
1.0,15.0,7.0,-0.0242830722205,-0.0439636633752,-0.0910080993867,-0.13026342436,;
1.0,15.0,8.0,-0.109736728518,-0.152042945109,-0.0919063678703,-0.0894058543629,;
1.0,15.0,9.0,-0.0410676421614,-0.147969839886,-0.0608532892799,0.0371909172531,;
1.0,15.0,10.0,-0.117451429882,-0.133010988376,-0.111108597021,-0.183617084405,;
1.0,15.0,11.0,-0.23722855231,-0.224944009203,-0.279667689464,-0.245981682908,;
1.0,15.0,12.0,-0.37534318456,-0.408239458623,-0.437948843842,-0.401221866184,;
1.0,15.0,13.0,-0.508101853731,-0.477404133955,-0.486682508513,-0.540316819464,;
1.0,15.0,14.0,-0.674968084295,-0.646937701153,-0.642481713798,-0.596908348102,;
1.0,15.0,15.0,-0.597965857289,-0.62268403572,-0.667339206398,-0.672664654604,;
1.0,15.0,16.0,-1.27667895028,-1.30218020216,-1.32582387594,-1.29700966904,;
1.0,16.0,0.0,0.88,0.88,0.88,1.0,;
1.0,16.0,1.0,0.7624,0.772,0.772,0.88,;
1.0,16.0,2.0,0.6379272448,0.56908,0.752992,0.7624,;
1.0,16.0,3.0,0.5342704,0.559672,0.534153664,0.52090336,;
1.0,16.0,4.0,0.298546092264,0.37144312,0.440236,0.4249417408,;
1.0,16.0,5.0,0.200665131966,0.235157678426,0.208619193199,0.195121046464,;
1.0,16.0,6.0,0.0912688484577,0.136155941559,0.120264436254,0.0951715891993,;
1.0,16.0,7.0,-0.0252980401139,0.0296469828363,-0.0734173257036,0.00520684536233,;
1.0,16.0,8.0,-0.0933796701033,-0.0447263588227,-0.0279255148891,-0.173664604485,;
1.0,16.0,9.0,-0.017447261742,-0.059650036528,-0.0373366484387,-0.00437991505586,;
1.0,16.0,10.0,-0.213173280966,-1.80176194867,-0.293353156543,-0.238148359803,;
1.0,16.0,11.0,-0.173873898893,-0.25463647107,-0.261459742217,-0.199780782654,;
1.0,16.0,12.0,-0.505228214585,-0.413461898213,-0.374426811667,-0.359617038233,;
1.0,16.0,13.0,-0.583425646138,-0.430596207083,-0.51137736586,-0.48596930318,;
1.0,16.0,14.0,-0.692557966293,-2.08339362343,-0.665055357264,-0.73556154203,;
1.0,16.0,15.0,-0.700987681399,-0.670650356811,-0.635109517074,-0.711685931181,;
1.0,16.0,16.0,-1.36124279594,-1.30782432937,-1.32668345946,-1.37323818736,;
1.0,17.0,0.0,0.88,0.88,4.6504,1.0,;
1.0,17.0,1.0,0.7624,0.88,1.751278336,0.88,;
1.0,17.0,2.0,0.7624,0.772,0.7505952,0.6464608,;
1.0,17.0,3.0,0.6373024,0.56044,0.361143508736,0.647152,;
1.0,17.0,4.0,0.324177273129,0.44112867712,0.338118094957,0.3984584896,;
1.0,17.0,5.0,0.195863241449,0.218614342824,0.269326715383,0.203070711609,;
1.0,17.0,6.0,0.117718223042,0.0614421070282,0.0719458951561,0.0935553275102,;
1.0,17.0,7.0,-0.0901420899301,0.0183678396818,0.0181492887135,-0.0102119632394,;
1.0,17.0,8.0,-0.0906788403342,-0.125284674667,-0.235225133914,-0.173655672304,;
1.0,17.0,9.0,-0.241942322956,-0.162084484674,-0.166240273799,-0.0986494429927,;
1.0,17.0,10.0,-0.425362461106,-0.356905374473,-0.760910174009,-0.276764307694,;
1.0,17.0,11.0,-0.646600834063,-0.586588407549,-0.597590202946,-1.45897980608,;
1.0,17.0,12.0,-0.559714979408,-0.49897620889,-0.555116938043,-0.562317716397,;
1.0,17.0,13.0,-0.562788680139,-0.628330072109,-0.556983944045,-0.624238887851,;
1.0,17.0,14.0,-0.530977515615,-0.61293796387,-0.638724663847,-0.571308735632,;
1.0,17.0,15.0,-0.611966349123,-0.55123773463,-0.564290857309,-0.579457957852,;
1.0,17.0,16.0,-1.51888448158,-1.40591235677,-1.41882640891,-1.43946324028,;
1.0,18.0,0.0,0.88,0.88,0.88,7.6924,;
1.0,18.0,1.0,0.7760113504,15.3321078368,2.03259625216,0.88,;
1.0,18.0,2.0,0.647152,4.34757063724,0.647152,0.647152,;
1.0,18.0,3.0,0.263178292422,0.62459191576,0.31897012672,0.365906608,;
1.0,18.0,4.0,-0.0763608169089,-0.0298089400904,-0.0613788973818,0.028798524353,;
1.0,18.0,5.0,-0.313496448867,-0.307479241659,-0.290260409176,-0.292837976711,;
1.0,18.0,6.0,-0.778744753449,-0.468117173101,-0.459938022269,-0.486811481184,;
1.0,18.0,7.0,-0.96148935091,-0.787928133613,-0.82754252194,-0.854965443995,;
1.0,18.0,8.0,-0.980802056008,-1.00528556175,-0.990228973889,-0.955409293427,;
1.0,18.0,9.0,-1.182803506,-1.09910370811,-1.02940442674,-1.05592365242,;
1.0,18.0,10.0,-1.12546752917,-1.20206774779,-1.14385976249,-1.08253561262,;
1.0,18.0,11.0,-1.22083431267,-1.27474544045,-1.28586860374,-1.29196507138,;
1.0,18.0,12.0,-1.25114303312,-1.21505778721,-1.22377601126,-1.24038219293,;
1.0,18.0,13.0,-1.14189896443,-1.18542103767,-1.14682685806,-1.1419040356,;
1.0,18.0,14.0,-1.09517529455,-1.13657709333,-1.14349901282,-1.09015184733,;
1.0,18.0,15.0,-1.07892922336,-1.03261534956,-1.06203418914,-1.04215707241,;
1.0,18.0,16.0,-1.70890649353,-1.67083784271,-1.66805885246,-1.68283588793,;
2.0,0.0,0.0,-0.661491622557,-0.863138956116,-0.731356451351,-0.79538986527,;
2.0,0.0,1.0,-0.718014228263,-0.645910694166,-0.829101524067,-0.643336537363,;
2.0,0.0,2.0,-0.859986434945,-0.751016951595,-0.782100417707,-0.705062225083,;
2.0,0.0,3.0,-0.87052966909,-0.92844635713,-0.884370694025,-0.905453301525,;
2.0,0.0,4.0,-1.1291855961,-1.0061114909,-0.96300096977,-0.882144655888,;
2.0,0.0,5.0,-1.22237274627,-1.14284027899,-1.31688823741,-1.17669286131,;
2.0,0.0,6.0,-1.28987327389,-1.3299706239,-1.38330409045,-1.29283109979,;
2.0,0.0,7.0,-1.34182037586,-1.3840090736,-1.39055657013,-1.27351933559,;
2.0,0.0,8.0,-1.56759444042,-1.43177841664,-1.48453292047,-1.48068205657,;
2.0,0.0,9.0,-1.67544283808,-1.64321219338,-1.59207060552,-1.73024304535,;
2.0,0.0,10.0,-1.74489122199,-1.72911144262,-1.76201906715,-1.71730800257,;
2.0,0.0,11.0,-1.80236796234,-1.85308379566,-1.89612336727,-1.80405594603,;
2.0,0.0,12.0,-1.8714582898,-1.92603618712,-1.89754157245,-1.91234938661,;
2.0,0.0,13.0,-1.86334577466,-1.99295059848,-1.91368883329,-1.85388361354,;
2.0,0.0,14.0,-2.03919086813,-1.97894009519,-2.12130126754,-1.97311970316,;
2.0,0.0,15.0,-2.22028344738,-2.12997899538,-2.07094548087,-2.07539344838,;
2.0,0.0,16.0,-2.51399157175,-2.42372428803,-2.46677848103,-2.46338167239,;
2.0,1.0,0.0,-0.618707556339,-0.558375630633,-0.59609844371,-0.738032672105,;
2.0,1.0,1.0,-0.767294835409,-0.72305600413,-0.807862021381,-0.763375892663,;
2.0,1.0,2.0,-0.822856414495,-0.769635208829,-0.858530669999,-0.764966230454,;
2.0,1.0,3.0,-0.940767102402,-0.838243182217,-0.841141902686,-0.835147529413,;
2.0,1.0,4.0,-1.01371875903,-1.03721832774,-0.999125946871,-1.05019517394,;
2.0,1.0,5.0,-1.26697289785,-1.25140550673,-1.20054085457,-1.20795977661,;
2.0,1.0,6.0,-1.33837599998,-1.3671153192,-1.37985493862,-1.37035336805,;
2.0,1.0,7.0,-1.37653181613,-1.42528996894,-1.3785480579,-1.38715855013,;
2.0,1.0,8.0,-1.65277537907,-1.53020170566,-1.50662886838,-1.44378897088,;
2.0,1.0,9.0,-1.63010189571,-1.59201068768,-1.69387779274,-1.60399563041,;
2.0,1.0,10.0,-1.76908624299,-1.77745110253,-1.7365578159,-1.78488696918,;
2.0,1.0,11.0,-1.84647442929,-1.83064707361,-1.95808632498,-1.92444039188,;
2.0,1.0,12.0,-1.93749571004,-1.88788470599,-1.89414459545,-1.89790887404,;
2.0,1.0,13.0,-1.96036480619,-1.96705164974,-2.01724709052,-1.9223098642,;
2.0,1.0,14.0,-2.06239331309,-2.10912059276,-2.25898841675,-2.06924633908,;
2.0,1.0,15.0,-2.11404657731,-2.13633281048,-2.10714297417,-2.13782090256,;
2.0,1.0,16.0,-2.39710587221,-2.44081602325,-2.50473541008,-2.49051277696,;
2.0,2.0,0.0,-0.626262163416,-0.650704274614,-5.04533511217,-0.562697818364,;
2.0,2.0,1.0,-0.749237613202,-0.743802485008,-0.712872889079,-0.845103730376,;
2.0,2.0,2.0,-0.783895053931,-0.792316698276,-0.929005511703,-0.82035804147,;
2.0,2.0,3.0,-0.896447906527,-0.850030246038,-0.818792342538,-0.790877894072,;
2.0,2.0,4.0,-1.00276455325,-0.976310054379,-0.960533985113,-0.935730905677,;
2.0,2.0,5.0,-1.18644466222,-1.14785788987,-7.11227308364,-1.197442477,;
2.0,2.0,6.0,-1.27618734967,-1.32147519691,-1.32217067319,-1.45472783102,;
2.0,2.0,7.0,-1.42790345446,-1.42718146037,-1.46828196384,-1.2992269334,;
2.0,2.0,8.0,-1.52037400369,-1.56561063456,-1.57960030704,-1.5476594664,;
2.0,2.0,9.0,-1.69323401649,-1.66761865805,-1.67963955553,-1.62681339963,;
2.0,2.0,10.0,-1.74067034642,-1.72086245128,-1.70672581016,-1.81408604761,;
2.0,2.0,11.0,-1.7891711331,-1.84655628826,-1.78447385671,-1.934456806,;
2.0,2.0,12.0,-1.82830393962,-1.92099638564,-1.9060892025,-1.89190701386,;
2.0,2.0,13.0,-2.03254483617,-1.9627143276,-8.00443781724,-1.93004237575,;
2.0,2.0,14.0,-2.13898784832,-2.13155549865,-2.176137533,-2.19139850277,;
2.0,2.0,15.0,-2.09840257969,-2.16578133255,-2.15818785786,-2.18338747448,;
2.0,2.0,16.0,-2.65528128399,-2.48896197027,-2.66093484084,-2.49787863185,;
2.0,3.0,0.0,-0.118059196795,-2.96925292677,-3.1176,0.0787790395823,;
2.0,3.0,1.0,-0.719692786945,-6.10399512371,-4.35880419076,-0.755819402068,;
2.0,3.0,2.0,-0.957146866007,-0.767529855908,-0.85765173601,-0.794402354351,;
2.0,3.0,3.0,-0.876173576214,-0.970305489724,-0.890113624541,-0.757135372604,;
2.0,3.0,4.0,-6.31677276857,-0.943123456604,-3.66965459564,-0.833414708995,;
2.0,3.0,5.0,-0.288591612444,-0.53939209081,-6.46092,-0.524891266631,;
2.0,3.0,6.0,-1.41559875206,-7.01461110295,-4.39692066659,-1.38431720567,;
2.0,3.0,7.0,-1.45142557142,-1.42817019526,-1.40598348741,-1.4557711748,;
2.0,3.0,8.0,-1.63492143426,-1.43192436562,-1.55351251811,-1.57023338466,;
2.0,3.0,9.0,-1.55925934563,-1.58828596193,-1.58752165065,-1.73146448708,;
2.0,3.0,10.0,-1.69975963494,-1.71982346078,-1.61799950978,-1.68545878203,;
2.0,3.0,11.0,-1.81185856492,-1.79170597014,-1.75712612,-1.7128288752,;
2.0,3.0,12.0,-8.63542581653,-1.86679770745,-7.11755810435,-1.91355255483,;
2.0,3.0,13.0,-1.25490624346,-1.05971329157,-5.07624439722,-0.951366197457,;
2.0,3.0,14.0,-2.28862842754,-8.906651357,-7.58836576173,-2.14837113272,;
2.0,3.0,15.0,-2.28290826715,-2.26795543302,-2.20010880562,-2.22309783666,;
2.0,3.0,16.0,-2.67512216162,-2.62154841923,-2.68515675326,-2.67923600866,;
2.0,4.0,0.0,-0.12,-1.12,-1.02,-1.1853902777,;
2.0,4.0,1.0,0.390386348819,-3.028,-3.028,0.257871643814,;
2.0,4.0,2.0,-0.792478646263,-2.08487539474,-4.96141640256,-0.790619443206,;
2.0,4.0,3.0,-3.72795302871,-0.779913717182,-5.6011058258,-0.752614899595,;
2.0,4.0,4.0,-1.12,0.0144690460937,-3.1176,0.102806268736,;
2.0,4.0,5.0,-1.22836993958,-1.18524824254,-1.02,-0.163040402628,;
2.0,4.0,6.0,-0.413488939567,-1.12,-3.1176,-0.442876531666,;
2.0,4.0,7.0,-1.37575652125,-7.77746008323,-8.41410807258,-1.4173427644,;
2.0,4.0,8.0,-1.456254246,-1.42429800481,-1.55729258441,-1.54412479381,;
2.0,4.0,9.0,-1.58648710593,-1.55539607937,-1.51173726418,-1.52566955901,;
2.0,4.0,10.0,-1.6280145951,-1.57509112998,-1.58782965996,-1.68004244765,;
2.0,4.0,11.0,-6.20091915886,-1.69499176877,-7.70995780408,-1.69983595952,;
2.0,4.0,12.0,-6.62237026418,-0.57460535273,-4.91713033728,-0.646154684341,;
2.0,4.0,13.0,-2.23944641082,-2.19549526365,-8.4648918,-1.23092830222,;
2.0,4.0,14.0,-0.684894203601,-9.40238959722,-6.69178028545,-0.723076912817,;
2.0,4.0,15.0,-2.24416307747,-7.23486622785,-8.96848678111,-2.15428223995,;
2.0,4.0,16.0,-2.70253573821,-2.65331362994,-2.75773683958,-2.71387101739,;
2.0,5.0,0.0,1.0,1.0,1.0,1.0,;
2.0,5.0,1.0,-0.1296,-1.02,-0.14937232896,-2.07708609033,;
2.0,5.0,2.0,-1.1376,-3.028,0.387946937782,0.463303898297,;
2.0,5.0,3.0,-1.12,-0.12,0.0207509714037,0.139964403702,;
2.0,5.0,4.0,-1.02,-1.15678848,-0.12,-1.128,;
2.0,5.0,5.0,1.0,1.0,1.0,1.0,;
2.0,5.0,6.0,-3.02824538823,-5.94678,-3.02872173697,-3.07167884602,;
2.0,5.0,7.0,-0.641651460008,-11.9398320642,-0.626327610788,-0.690593307892,;
2.0,5.0,8.0,-1.45031198767,-8.51372012553,-1.59928760847,-1.54548252308,;
2.0,5.0,9.0,-1.59265177234,-1.52391422285,-1.62259120612,-1.51657642583,;
2.0,5.0,10.0,-9.15693782621,-1.63014357821,-1.64768424818,-1.58880203526,;
2.0,5.0,11.0,-8.08012801402,-0.987557110859,-0.870773694287,-0.869548250284,;
2.0,5.0,12.0,-4.4742,-2.97923161498,-2.12503162455,-3.01975126365,;
2.0,5.0,13.0,1.0,1.0,1.0,1.0,;
2.0,5.0,14.0,-4.72555935871,-4.4742,-3.9047684053,-3.00575356816,;
2.0,5.0,15.0,-1.71814657206,-13.0522935059,-1.29585440729,-1.24779926035,;
2.0,5.0,16.0,-2.76065851579,-6.88488792849,-2.82850134827,-2.78145291326,;
2.0,6.0,0.0,-2.05344,-3.028,-1.15514624,1.0,;
2.0,6.0,1.0,0.621190866688,-4.7452,0.487209769924,-3.028,;
2.0,6.0,2.0,-0.294571591453,-2.06208,-0.363469855176,-2.89461568814,;
2.0,6.0,3.0,-4.957132971,-0.379020432586,-0.231205670953,-2.946281897,;
2.0,6.0,4.0,-3.1176,0.319527541882,0.304933642059,-4.8348,;
2.0,6.0,5.0,-2.13946963011,-1.1484982272,-1.1764218262,-4.4742,;
2.0,6.0,6.0,-0.484440091234,-4.99608,-0.57195668274,-9.40382407194,;
2.0,6.0,7.0,-1.54688495821,-7.03003986477,-1.42510155459,-5.77321285331,;
2.0,6.0,8.0,-1.5769835234,-1.54270381409,-1.66747508572,-1.64753627511,;
2.0,6.0,9.0,-1.67074048878,-1.60330373689,-1.54222277996,-1.67762473496,;
2.0,6.0,10.0,-1.77332735012,-1.65572112774,-1.76232624889,-1.6637089458,;
2.0,6.0,11.0,-7.70501206399,-1.75653389022,-1.73094564298,-7.66446586478,;
2.0,6.0,12.0,-11.5664329249,-0.881561391885,-0.672388891697,-9.65709719682,;
2.0,6.0,13.0,-4.66433836762,-4.63482639534,-4.72848160727,-7.272102,;
2.0,6.0,14.0,-1.38601444459,-11.9251802088,-1.29385862078,-7.02693669297,;
2.0,6.0,15.0,-2.56911310695,-8.88657363389,-2.54636723128,-8.39904713263,;
2.0,6.0,16.0,-2.79852725096,-2.83716317484,-2.7795231534,-2.80474014009,;
2.0,7.0,0.0,0.63970432,-0.12,0.768672,-3.028,;
2.0,7.0,1.0,0.149548034238,-2.0352,0.142820821027,-2.886336,;
2.0,7.0,2.0,-0.00931921413019,-0.077689876407,-0.0771373452602,-0.293705441038,;
2.0,7.0,3.0,-0.269364511845,-0.331445344877,-0.115298589459,-0.211936740644,;
2.0,7.0,4.0,-3.67146455953,-0.445960343443,-0.516789512731,-3.68770400426,;
2.0,7.0,5.0,-0.0307105976175,-0.103230253835,-0.0185495583242,-7.932492,;
2.0,7.0,6.0,-1.27487607922,-6.54311807798,-1.33261917142,-6.72517784942,;
2.0,7.0,7.0,-1.52584511601,-1.43137833671,-1.50240455058,-1.37710103714,;
2.0,7.0,8.0,-1.66525619424,-1.61645708091,-1.64475555921,-1.6461489384,;
2.0,7.0,9.0,-1.58350684061,-1.87124777569,-1.58048126204,-1.63894352871,;
2.0,7.0,10.0,-1.80337689163,-1.85021195106,-1.83455719647,-1.75612379591,;
2.0,7.0,11.0,-2.06088817063,-1.95802613967,-1.90602049501,-1.90014704044,;
2.0,7.0,12.0,-7.59816556347,-2.11594620471,-2.19894317824,-7.84434159722,;
2.0,7.0,13.0,-1.11630083431,-1.20305870034,-1.27312113461,-11.2270728771,;
2.0,7.0,14.0,-2.44246320499,-9.08182783141,-2.44368142534,-8.45667689042,;
2.0,7.0,15.0,-2.53145012244,-2.51053753009,-2.54388522598,-2.54583204004,;
2.0,7.0,16.0,-2.78004650201,-2.78807602571,-2.71539580417,-2.72698099572,;
2.0,8.0,0.0,0.88,0.772,1.3891305968,-1.14624,;
2.0,8.0,1.0,0.474032850674,0.53141366016,0.66180113986,0.43575293824,;
2.0,8.0,2.0,0.076177696786,0.222322876175,0.284744338386,0.210199360407,;
2.0,8.0,3.0,-0.467925798827,-0.151337049815,-0.136887892362,-0.188489617559,;
2.0,8.0,4.0,-0.740556734395,-0.548489254617,-0.56978176393,-0.543432883509,;
2.0,8.0,5.0,-0.923486821599,-0.823780727511,-0.820540058901,-7.4061982723,;
2.0,8.0,6.0,-1.46733835977,-1.16431688379,-1.35740511706,-1.21859081108,;
2.0,8.0,7.0,-1.55589149471,-1.48044148185,-1.50836454632,-1.45736768321,;
2.0,8.0,8.0,-1.65425995347,-1.71053020549,-1.50003877788,-1.59627304832,;
2.0,8.0,9.0,-1.70792881514,-1.6691336583,-1.74976843652,-1.62802402819,;
2.0,8.0,10.0,-1.76629512322,-1.76406232804,-1.99116219737,-1.9135106457,;
2.0,8.0,11.0,-2.16840819689,-1.92993688524,-2.01279278413,-1.9801954123,;
2.0,8.0,12.0,-2.25310186723,-2.15357864338,-2.17884448894,-2.26943477163,;
2.0,8.0,13.0,-2.3533016926,-2.31647247778,-2.34403446582,-8.49252048391,;
2.0,8.0,14.0,-2.38833764779,-2.38811539413,-2.35420470921,-2.44429227741,;
2.0,8.0,15.0,-2.51378844282,-2.4314302664,-2.49517162576,-2.47790971348,;
2.0,8.0,16.0,-2.8204899207,-2.78793704272,-2.8084747682,-2.77917854759,;
2.0,9.0,0.0,0.88,1.4699654864,6.11269038,0.6977265408,;
2.0,9.0,1.0,0.638945995841,1.243620512,4.42396538817,0.627577216,;
2.0,9.0,2.0,0.234690781598,0.49657392,2.28982205226,0.309443490639,;
2.0,9.0,3.0,-0.0297054826371,0.168755976568,0.0468333268681,-0.312728921249,;
2.0,9.0,4.0,-0.524185657906,-0.512012062632,-0.453474933277,-0.45732787955,;
2.0,9.0,5.0,-1.15666176476,-0.939995216429,-0.80781703838,-0.790796433822,;
2.0,9.0,6.0,-1.27488978718,-1.27345371628,-1.34393576042,-1.28121193277,;
2.0,9.0,7.0,-1.41095567762,-1.41537404376,-1.40346979928,-1.41059699046,;
2.0,9.0,8.0,-1.68064858295,-1.54171542314,-1.57748465288,-1.57498263858,;
2.0,9.0,9.0,-1.75480671685,-1.75395017829,-1.74771406829,-1.76721199229,;
2.0,9.0,10.0,-2.02057632504,-1.90472277892,-2.0289702966,-1.91853996618,;
2.0,9.0,11.0,-2.06676392489,-2.08219769203,-2.05894971565,-2.12346953774,;
2.0,9.0,12.0,-2.29446101329,-2.18158631215,-2.28552042054,-2.1798681136,;
2.0,9.0,13.0,-2.41534968711,-2.35525197148,-2.33937444829,-2.36803561117,;
2.0,9.0,14.0,-2.39201989195,-2.44316178066,-2.42198408542,-2.40328180091,;
2.0,9.0,15.0,-2.50749723112,-2.49815686537,-2.46034216177,-2.41962682905,;
2.0,9.0,16.0,-2.85189716103,-2.79518950169,-2.85271188421,-2.81868891621,;
2.0,10.0,0.0,1.0,1.0,1.0,1.0,;
2.0,10.0,1.0,1.09792962627,10.601299516,0.789481096589,1.28207043745,;
2.0,10.0,2.0,0.17314766027,6.81273719291,0.301519706901,0.225493764184,;
2.0,10.0,3.0,-0.315209029055,3.06912647487,0.00197273530563,-0.21075290279,;
2.0,10.0,4.0,-0.423796571586,0.386972774858,-0.305815924525,-0.286159127342,;
2.0,10.0,5.0,-1.10771566475,-0.678803352029,-0.798060267574,-0.907858009214,;
2.0,10.0,6.0,-1.32355797537,-1.16554339342,-1.20463644693,-1.34530511021,;
2.0,10.0,7.0,-1.46165317938,-1.48574167537,-1.46056496657,-1.41166466541,;
2.0,10.0,8.0,-1.67927331142,-1.64813496576,-1.74324987035,-1.610330426,;
2.0,10.0,9.0,-1.75998699971,-1.82826410384,-1.87136965993,-1.78012568571,;
2.0,10.0,10.0,-1.88238734534,-1.8679461154,-2.00580758138,-2.06687438631,;
2.0,10.0,11.0,-2.1339020564,-1.98679209937,-2.15741828776,-2.0951357608,;
2.0,10.0,12.0,-2.38872731419,-2.23625942522,-2.27078890361,-2.24572340275,;
2.0,10.0,13.0,-2.36038918643,-2.32893780267,-2.29707858505,-2.48364465703,;
2.0,10.0,14.0,-2.40278000864,-2.39880841749,-2.39414713295,-2.36873137559,;
2.0,10.0,15.0,-2.64225751193,-2.40822255007,-2.45680368093,-2.42519738352,;
2.0,10.0,16.0,-2.9290598675,-2.84054605392,-2.8812085557,-2.88505502346,;
2.0,11.0,0.0,0.88,0.88,0.8704,2.862,;
2.0,11.0,1.0,0.74315008,0.82376,0.7624,2.38355616914,;
2.0,11.0,2.0,0.497883212186,0.410142114211,0.291150598195,1.71319902594,;
2.0,11.0,3.0,-0.136257610043,0.137616711497,-0.196083728041,0.446771711502,;
2.0,11.0,4.0,-0.507254592982,-0.427858648496,-0.5335261268,-0.418970953565,;
2.0,11.0,5.0,-0.933390754501,-0.840689385027,-0.93641531853,-0.934098492577,;
2.0,11.0,6.0,-1.29698517913,-1.28380780765,-1.28423529062,-1.10970574316,;
2.0,11.0,7.0,-1.67531510847,-1.49172477322,-1.56079701082,-1.42791221213,;
2.0,11.0,8.0,-1.76666246514,-1.76170896447,-1.79824117624,-1.76956417387,;
2.0,11.0,9.0,-1.87450404436,-1.91362318776,-1.92199308715,-1.89805893406,;
2.0,11.0,10.0,-1.99341819498,-2.02232272263,-2.03079666617,-1.98050885083,;
2.0,11.0,11.0,-2.17616462531,-2.16301176956,-2.19100676652,-2.12875331192,;
2.0,11.0,12.0,-2.22560841419,-2.24190501907,-2.28951443493,-2.28559793018,;
2.0,11.0,13.0,-2.30435115748,-2.30211425936,-2.36491473969,-2.33515787628,;
2.0,11.0,14.0,-2.42806936483,-2.42272045689,-2.42496210855,-2.42150236736,;
2.0,11.0,15.0,-2.57885535588,-2.5218824079,-2.45981299586,-2.41858215373,;
2.0,11.0,16.0,-2.88001558816,-2.85136854525,-2.88873026707,-2.87004668257,;
2.0,12.0,0.0,0.88,0.88,0.772,0.88,;
2.0,12.0,1.0,0.0538041289682,0.6748,0.945407289131,0.8704,;
2.0,12.0,2.0,0.083835539116,0.18433375125,1.32954131827,0.230399221458,;
2.0,12.0,3.0,-0.477322320567,-0.0683319823805,-0.0505104287307,-0.0872886646044,;
2.0,12.0,4.0,-0.600682223707,-0.582465216708,-0.627217526248,-0.598891386046,;
2.0,12.0,5.0,-1.12125671856,-0.884738504758,-0.961643637403,-0.830996624098,;
2.0,12.0,6.0,-1.35540450244,-1.27896286478,-1.30387979824,-1.28928554964,;
2.0,12.0,7.0,-1.60972041334,-1.53511011895,-1.52516055431,-1.61058379168,;
2.0,12.0,8.0,-1.69090608922,-1.83850248895,-1.75874840929,-1.77617136913,;
2.0,12.0,9.0,-2.02068384398,-1.8845590387,-1.86189531216,-1.94247452028,;
2.0,12.0,10.0,-2.12442547181,-2.09752644096,-2.06012120334,-2.07435617451,;
2.0,12.0,11.0,-2.23128361356,-2.20516489207,-2.26532791575,-2.1892387876,;
2.0,12.0,12.0,-2.29446519248,-2.28257657913,-2.28398584577,-2.29405963417,;
2.0,12.0,13.0,-2.38793185815,-2.36369740129,-2.3702911834,-2.37869350935,;
2.0,12.0,14.0,-2.39853315179,-2.42931073621,-2.42489227448,-2.4582554913,;
2.0,12.0,15.0,-2.55741183466,-2.43309131779,-2.39580609908,-2.4217666855,;
2.0,12.0,16.0,-2.97490513592,-2.88572148259,-2.94440807566,-2.92355991827,;
2.0,13.0,0.0,0.772,0.88,3.18,1.0,;
2.0,13.0,1.0,1.42973365669,0.88,3.16759111414,0.67043258313,;
2.0,13.0,2.0,0.52658848,0.806878340164,7.9446443408,0.0276277779777,;
2.0,13.0,3.0,-0.325400119105,0.233866589791,1.14478737088,0.164012412595,;
2.0,13.0,4.0,-0.792334459747,-0.306476523317,0.0334072596853,-0.73704018683,;
2.0,13.0,5.0,-0.973004435655,-0.778910042066,-0.701817136022,-0.757355293834,;
2.0,13.0,6.0,-1.23257632018,-1.18962163119,-1.22051677157,-1.29237920047,;
2.0,13.0,7.0,-1.47814490176,-1.44454172107,-1.53752766113,-1.51143594791,;
2.0,13.0,8.0,-1.78269005746,-1.67820276046,-1.72624986359,-1.83119826881,;
2.0,13.0,9.0,-1.96708158444,-1.93519448354,-1.86478586893,-1.91349200526,;
2.0,13.0,10.0,-2.06335935201,-2.10890405907,-2.03890157935,-2.10856800389,;
2.0,13.0,11.0,-2.14484454608,-2.2302015362,-2.17666909505,-2.30818146451,;
2.0,13.0,12.0,-2.30025713796,-2.27357688143,-2.26232342583,-2.24897155165,;
2.0,13.0,13.0,-2.39592679872,-2.36247411841,-2.40531164623,-2.40610320623,;
2.0,13.0,14.0,-2.45417663597,-2.4641480898,-2.46330874886,-2.49634322966,;
2.0,13.0,15.0,-2.5533216687,-2.5034225895,-2.43741539287,-2.39851038531,;
2.0,13.0,16.0,-2.77398750799,-2.78414316443,-2.81651584874,-2.93743061027,;
2.0,14.0,0.0,1.0,1.0,1.0,1.0,;
2.0,14.0,1.0,5.20255765359,22.2543120999,1.73357381875,1.02829914719,;
2.0,14.0,2.0,1.37913772442,15.8633241696,1.29619357512,1.97689011399,;
2.0,14.0,3.0,0.383091399471,9.40657148751,0.0833110036747,0.172782588461,;
2.0,14.0,4.0,-0.403014376633,4.0146292314,-0.256910278601,-0.513662376127,;
2.0,14.0,5.0,-0.920560335947,0.806333530452,-0.978163340519,-0.510785132724,;
2.0,14.0,6.0,-1.27070553083,-0.825685827736,-1.07119678516,-1.23099477301,;
2.0,14.0,7.0,-1.51063566161,-1.4748103327,-1.53791004209,-1.48298833944,;
2.0,14.0,8.0,-1.66189467476,-1.67573258589,-1.68926176697,-1.71298870314,;
2.0,14.0,9.0,-1.86391312741,-1.87117433467,-1.87404181013,-1.92115357579,;
2.0,14.0,10.0,-2.10303793739,-2.0098459038,-1.97888760516,-2.15864205156,;
2.0,14.0,11.0,-2.14380085452,-2.15735211206,-2.1980902575,-2.23898633762,;
2.0,14.0,12.0,-2.29757128338,-2.25073823988,-2.2702552044,-2.26914504173,;
2.0,14.0,13.0,-2.46558595507,-2.39127401211,-2.41760168562,-2.40381554764,;
2.0,14.0,14.0,-2.46339733191,-2.47873401072,-2.46118712879,-2.48502064297,;
2.0,14.0,15.0,-2.57076856868,-2.47342807121,-2.45557340052,-2.44265246253,;
2.0,14.0,16.0,-2.8195599697,-2.79972334565,-2.80742342553,-2.91444994931,;
2.0,15.0,0.0,0.88,0.88,0.88,5.142,;
2.0,15.0,1.0,0.847330399219,0.76172,0.544931651791,6.5844066913,;
2.0,15.0,2.0,0.6302176,1.15350657923,0.190096513477,6.0436817718,;
2.0,15.0,3.0,0.258771836176,0.580816887927,0.106621751846,2.05662557428,;
2.0,15.0,4.0,-0.354664680221,-0.0575681691114,-0.435669965546,0.488349624556,;
2.0,15.0,5.0,-0.995757116979,-0.718969546951,-0.984286865103,-0.677949416479,;
2.0,15.0,6.0,-1.37679601773,-1.10676010961,-1.25342843075,-1.11607093481,;
2.0,15.0,7.0,-1.54889198272,-1.47544571156,-1.58563738263,-1.51015546047,;
2.0,15.0,8.0,-1.76936388603,-1.72298292617,-1.76249048715,-1.71062204716,;
2.0,15.0,9.0,-1.92394202548,-1.85717122855,-1.92076273291,-1.91452479053,;
2.0,15.0,10.0,-2.06902748136,-2.02085672173,-2.12464533578,-2.0215774652,;
2.0,15.0,11.0,-2.25251062439,-2.17856595163,-2.20110512243,-2.22399094516,;
2.0,15.0,12.0,-2.33276364508,-2.32302250385,-2.2986765032,-2.28107629379,;
2.0,15.0,13.0,-2.50782186085,-2.3755448899,-2.36098880607,-2.46155739935,;
2.0,15.0,14.0,-2.46419509005,-2.49084661681,-2.53704799641,-2.50428693431,;
2.0,15.0,15.0,-2.61304900365,-2.51296302407,-2.4789546616,-2.45064835911,;
2.0,15.0,16.0,-2.75017416143,-2.71533908491,-2.7271668431,-2.80736381152,;
2.0,16.0,0.0,1.0,0.816073790833,2.21236325726,1.0,;
2.0,16.0,1.0,0.772,0.826902590833,1.46261977113,1.40588249156,;
2.0,16.0,2.0,0.5178123136,0.352638709628,0.917197194462,0.528505781504,;
2.0,16.0,3.0,0.160727383948,0.154817027923,0.202040438484,0.11418408121,;
2.0,16.0,4.0,-0.468607529157,-0.312618551203,-0.315724955397,-0.262569888084,;
2.0,16.0,5.0,-1.04536225308,-0.750177355632,-0.833505469132,-0.99727861736,;
2.0,16.0,6.0,-1.35424210945,-1.2119094552,-1.32505243238,-1.20610499494,;
2.0,16.0,7.0,-1.63460747821,-1.5353751221,-1.49910958686,-1.50456515679,;
2.0,16.0,8.0,-1.8899643449,-1.75559208989,-1.78782564928,-1.87070215566,;
2.0,16.0,9.0,-2.13194132268,-2.03262429201,-1.97191741839,-1.9356516649,;
2.0,16.0,10.0,-2.28171718215,-2.14248645493,-2.18008286111,-2.15267193162,;
2.0,16.0,11.0,-2.22558481926,-2.30728635452,-2.33031077849,-2.23401621258,;
2.0,16.0,12.0,-2.30045160723,-2.40040436517,-2.38069956794,-2.31414053404,;
2.0,16.0,13.0,-2.36616696034,-2.36257928085,-2.35537428169,-2.41483038331,;
2.0,16.0,14.0,-2.47173887731,-2.47097906307,-2.48367089838,-2.60707964609,;
2.0,16.0,15.0,-2.61316940287,-2.52381893178,-2.56724104759,-2.49620475187,;
2.0,16.0,16.0,-2.75345243375,-2.78483613796,-2.80564228028,-2.7014161722,;
2.0,17.0,0.0,0.88,0.6748,15.0919527951,1.0,;
2.0,17.0,1.0,0.759724373565,0.772,12.624801964,0.615946088495,;
2.0,17.0,2.0,0.93785563838,0.968507933256,7.13320731588,0.456057904537,;
2.0,17.0,3.0,0.192511217023,0.311038570515,8.48482215829,0.299090934707,;
2.0,17.0,4.0,-0.35306410831,0.651847617135,0.70251059415,-0.0810981118409,;
2.0,17.0,5.0,-0.839796784914,-0.618957727641,-0.43503893093,-0.801162192781,;
2.0,17.0,6.0,-1.22784935248,-1.03013238128,-1.10948793858,-1.24431266934,;
2.0,17.0,7.0,-1.52888370774,-1.4326738284,-1.43490855445,-1.44004587299,;
2.0,17.0,8.0,-1.83999824974,-1.72501505999,-1.87577497758,-1.74410994858,;
2.0,17.0,9.0,-2.10674467949,-1.96610822987,-1.97434777963,-2.00870824991,;
2.0,17.0,10.0,-2.15970430182,-2.1614954666,-2.20490872515,-2.1919659362,;
2.0,17.0,11.0,-2.31641582223,-2.2493993587,-2.31168787119,-2.25671544332,;
2.0,17.0,12.0,-2.39874412582,-2.30088205955,-2.27544744406,-2.4426403131,;
2.0,17.0,13.0,-2.4160999005,-2.36620969222,-2.43876172379,-2.36813367301,;
2.0,17.0,14.0,-2.52241231553,-2.4885382731,-2.535961447,-2.51361917153,;
2.0,17.0,15.0,-2.57228659808,-2.57129390994,-2.67061802934,-2.55713369914,;
2.0,17.0,16.0,-2.822609803,-2.77387796392,-2.76005836105,-2.80329224219,;
2.0,18.0,0.0,6.15201669594,11.0282127329,10.5352842841,52.5410131599,;
2.0,18.0,1.0,4.71664542242,57.6445990553,9.41161280718,5.3313518858,;
2.0,18.0,2.0,8.29628167352,37.1554123573,12.4485625691,5.5087206572,;
2.0,18.0,3.0,0.323158507626,24.204720858,5.63044401277,3.5897389992,;
2.0,18.0,4.0,-0.772630447066,11.4191606253,0.169215701318,0.995770349598,;
2.0,18.0,5.0,-0.867772433971,3.99900935749,-0.664441455033,-0.732131812642,;
2.0,18.0,6.0,-1.67234261459,0.426578659465,-1.19718067832,-1.26372512885,;
2.0,18.0,7.0,-1.80826956538,-1.50537404102,-1.69416046908,-1.74707822411,;
2.0,18.0,8.0,-2.14530749325,-1.964153992,-2.03696800885,-1.97801646568,;
2.0,18.0,9.0,-2.26296982663,-2.15615820435,-2.13296004439,-2.22471588538,;
2.0,18.0,10.0,-2.42430497527,-2.35022065927,-2.38471832016,-2.41519746688,;
2.0,18.0,11.0,-2.58470108359,-2.54643184377,-2.5509411114,-2.56679371507,;
2.0,18.0,12.0,-2.67155432238,-2.68617827348,-2.65468352234,-2.66110436038,;
2.0,18.0,13.0,-2.84726880735,-2.78028556976,-2.81184765565,-2.73635344514,;
2.0,18.0,14.0,-2.92112839158,-2.86419896021,-2.79393313955,-2.80900234245,;
2.0,18.0,15.0,-2.89851085747,-2.91493050917,-2.98002451434,-2.89208264813,;
2.0,18.0,16.0,-3.16645188543,-3.13902429347,-3.15697811492,-3.13314193317,;
3.0,0.0,0.0,-4.85721574035,-4.8832423468,-4.8758923824,-4.88412081587,;
3.0,0.0,1.0,-4.82667751866,-4.88314047248,-4.84638844187,-4.85661766975,;
3.0,0.0,2.0,-4.78969634698,-4.85677062884,-4.80874895034,-4.82219818048,;
3.0,0.0,3.0,-4.74779221455,-4.82019276769,-4.76390166652,-4.7816428937,;
3.0,0.0,4.0,-4.69452718076,-4.78485789974,-4.70884915951,-4.74151463072,;
3.0,0.0,5.0,-4.62844896065,-4.74001055288,-4.64214779945,-4.6852193148,;
3.0,0.0,6.0,-4.55446320304,-4.68296392356,-4.56162419072,-4.60863317244,;
3.0,0.0,7.0,-4.4650158056,-4.61376038828,-4.47590172829,-4.50157185535,;
3.0,0.0,8.0,-4.35745111038,-4.52748798394,-4.37640067352,-4.44146729727,;
3.0,0.0,9.0,-4.23051982969,-4.44366232337,-4.2594013799,-4.30909843394,;
3.0,0.0,10.0,-4.11606767488,-4.29637680301,-4.09908285048,-4.15259941525,;
3.0,0.0,11.0,-4.06303982491,-4.14816386663,-4.05409166863,-4.09029099709,;
3.0,0.0,12.0,-4.0289743825,-4.09539559462,-3.97696561837,-4.00937644921,;
3.0,0.0,13.0,-3.98692934033,-3.98345457187,-3.99792618998,-3.97867899165,;
3.0,0.0,14.0,-3.90296462078,-4.03056739343,-3.91442561783,-3.9806229681,;
3.0,0.0,15.0,-3.9211360549,-3.91214895507,-3.86547884201,-3.89369812134,;
3.0,0.0,16.0,-4.03999556702,-4.01440150059,-4.02175754099,-4.03213006478,;
3.0,1.0,0.0,-4.8465516516,-4.87541181349,-4.85142278346,-4.88306884169,;
3.0,1.0,1.0,-4.8102146239,-4.87500590751,-4.8164857739,-4.85543607775,;
3.0,1.0,2.0,-4.7655665442,-4.84445510401,-4.77063321128,-4.82207332063,;
3.0,1.0,3.0,-4.71180467628,-4.80490152785,-4.71522985839,-4.78248685132,;
3.0,1.0,4.0,-4.64548573807,-4.76062501191,-4.65060097405,-4.7373486849,;
3.0,1.0,5.0,-4.57134487917,-4.70263872028,-4.57576988255,-4.67946260195,;
3.0,1.0,6.0,-4.48211959355,-4.63555967321,-4.48897111046,-4.60191004053,;
3.0,1.0,7.0,-4.38264631345,-4.55785776396,-4.39212960459,-4.53410791791,;
3.0,1.0,8.0,-4.27317609466,-4.46504198567,-4.27747956468,-4.43965481438,;
3.0,1.0,9.0,-4.18961981024,-4.33481646098,-4.15938059239,-4.30687554524,;
3.0,1.0,10.0,-4.08232316917,-4.19753929875,-4.11748638617,-4.07333633821,;
3.0,1.0,11.0,-4.03880348604,-4.08296592926,-4.02865063876,-4.03075482795,;
3.0,1.0,12.0,-3.98596404689,-4.00548634544,-4.0063043414,-4.0072986129,;
3.0,1.0,13.0,-3.94945142534,-3.98974851167,-3.93824190506,-3.98053705663,;
3.0,1.0,14.0,-3.88518131828,-3.90690634816,-3.90180595123,-3.91510287234,;
3.0,1.0,15.0,-3.88837516991,-3.75379745227,-3.85049119108,-3.92599844721,;
3.0,1.0,16.0,-4.00514251543,-3.96172615312,-3.95684738681,-3.99889810879,;
3.0,2.0,0.0,-4.81607322587,-4.85005735799,-14.8665702828,-4.87449850991,;
3.0,2.0,1.0,-4.77214976262,-4.85048672361,-4.83882356679,-4.84322357061,;
3.0,2.0,2.0,-4.71895432696,-4.81324733703,-4.80393481119,-4.80254785221,;
3.0,2.0,3.0,-4.65342460897,-4.76824047482,-4.76008732995,-4.76236181506,;
3.0,2.0,4.0,-4.57157726216,-4.71569158475,-4.7071434566,-4.70027829244,;
3.0,2.0,5.0,-4.48541121285,-4.64772497191,-14.4929545269,-4.63809334607,;
3.0,2.0,6.0,-4.39315956278,-4.5666895882,-4.40418778093,-4.56245617436,;
3.0,2.0,7.0,-4.28687754152,-4.47041881585,-4.2891594236,-4.46489555769,;
3.0,2.0,8.0,-4.17926643671,-4.37110439377,-4.14202450232,-4.361164813,;
3.0,2.0,9.0,-4.08793778626,-4.19828755901,-4.06501901644,-4.22737873464,;
3.0,2.0,10.0,-4.08408468618,-4.15661894118,-4.01080675698,-4.08780434687,;
3.0,2.0,11.0,-4.08529024095,-4.09241308125,-3.97421202967,-4.01812535266,;
3.0,2.0,12.0,-4.01123060323,-4.03725732174,-3.98034169345,-3.98029848549,;
3.0,2.0,13.0,-3.89540558961,-3.93824374377,-13.5706964147,-3.97134304255,;
3.0,2.0,14.0,-3.81228062226,-3.87062424475,-3.8001043684,-3.90011453527,;
3.0,2.0,15.0,-3.89691476308,-3.72412245697,-3.77196118407,-3.8651612459,;
3.0,2.0,16.0,-3.8852925277,-3.87567483717,-3.86970883941,-4.00063231055,;
3.0,3.0,0.0,-4.83701094628,-14.8620292714,-32.8441884052,-4.84708805172,;
3.0,3.0,1.0,-4.80311192726,-14.8607852002,-14.8284301731,-4.80904370059,;
3.0,3.0,2.0,-4.76007889668,-4.8303993699,-4.81455213106,-4.76874866693,;
3.0,3.0,3.0,-4.70886470121,-4.80174797649,-4.7952492776,-4.71591900851,;
3.0,3.0,4.0,-14.508010318,-4.75785897147,-14.7471351307,-4.64486239784,;
3.0,3.0,5.0,-4.40708503564,-4.69141487673,-32.3452673637,-4.56579729335,;
3.0,3.0,6.0,-4.29325943559,-14.4744479977,-14.2534166855,-4.46801458844,;
3.0,3.0,7.0,-4.1574790472,-4.37166926258,-4.15158783106,-4.35732323824,;
3.0,3.0,8.0,-4.07166582557,-4.26139618574,-3.99805151235,-4.26080469339,;
3.0,3.0,9.0,-3.98835277705,-4.04471197111,-3.94168458948,-4.14565092406,;
3.0,3.0,10.0,-3.97793259194,-4.035197332,-3.88459883125,-4.06030678593,;
3.0,3.0,11.0,-3.97983707623,-3.94889350026,-3.90219134589,-4.01993363202,;
3.0,3.0,12.0,-13.5511395129,-3.96954246811,-13.499556205,-3.99531005506,;
3.0,3.0,13.0,-3.75769070147,-3.78528806812,-28.6432786191,-3.81708340823,;
3.0,3.0,14.0,-3.75420161769,-13.3990528226,-13.5173820891,-3.82869314973,;
3.0,3.0,15.0,-3.74576544954,-3.75102044433,-3.71812898125,-3.78958773318,;
3.0,3.0,16.0,-3.74886270987,-3.78432237489,-3.74241858152,-3.85407348409,;
3.0,4.0,0.0,-14.814992501,-32.8406793647,-19.1999983672,-14.8481209961,;
3.0,4.0,1.0,-4.8044930198,-32.8275591807,-30.0192124106,-4.8258138731,;
3.0,4.0,2.0,-4.79061994726,-14.8071668261,-12.3317839899,-4.79245741269,;
3.0,4.0,3.0,-14.7346133535,-4.78578236225,-12.8299838195,-4.75699978835,;
3.0,4.0,4.0,-32.3063562215,-4.75188556787,-31.1368652237,-4.70563455058,;
3.0,4.0,5.0,-14.2281686287,-14.711525551,-19.1873431093,-14.4364711952,;
3.0,4.0,6.0,-4.10973253266,-32.3055846815,-31.611796647,-4.37404369749,;
3.0,4.0,7.0,-3.98880083317,-14.1857324351,-13.7757347708,-4.24987472286,;
3.0,4.0,8.0,-3.93151852747,-4.09168994892,-3.81223796958,-4.13438552694,;
3.0,4.0,9.0,-3.8381608576,-3.9439116652,-3.76264322148,-4.06391486046,;
3.0,4.0,10.0,-3.92804867204,-3.87427877103,-3.68084707459,-3.9818554349,;
3.0,4.0,11.0,-13.6421797352,-3.82340006061,-13.3813411818,-3.90388532766,;
3.0,4.0,12.0,-28.2221502737,-3.74411456954,-29.5470932057,-3.85746276129,;
3.0,4.0,13.0,-12.5438141776,-12.4397694105,-16.9897364195,-12.3860394526,;
3.0,4.0,14.0,-3.41188993795,-28.9163279596,-26.8691744054,-3.58416902479,;
3.0,4.0,15.0,-3.62399816406,-13.1409541108,-12.171088164,-3.64806494578,;
3.0,4.0,16.0,-3.70977803032,-3.74938842325,-3.60695759479,-3.74378388317,;
3.0,5.0,0.0,1.0,1.0,1.0,1.0,;
3.0,5.0,1.0,-12.4612445678,-19.1945516236,-11.0078178108,-14.6458334839,;
3.0,5.0,2.0,-12.8946099014,-30.1109654289,-1.37338122563,-4.737669192,;
3.0,5.0,3.0,-31.0917698921,-12.4113308449,-2.17738145423,-4.75310019966,;
3.0,5.0,4.0,-19.1873431093,-12.883189628,-12.7476734564,-14.6308476547,;
3.0,5.0,5.0,1.0,1.0,1.0,1.0,;
3.0,5.0,6.0,-13.5688507304,-19.0236951359,-13.3929279271,-14.0167855976,;
3.0,5.0,7.0,-3.74960178974,-31.4107682579,-3.60104204159,-4.03270508965,;
3.0,5.0,8.0,-3.68049938033,-13.7625751837,-3.61675119613,-3.95697203945,;
3.0,5.0,9.0,-3.61583107888,-3.76288669483,-3.51896484899,-3.86397466476,;
3.0,5.0,10.0,-13.3719090992,-3.55148322185,-3.41642668434,-3.83790878489,;
3.0,5.0,11.0,-30.5777278284,-3.21839930676,-3.19765892929,-3.43492707055,;
3.0,5.0,12.0,-18.2485540032,-12.6015129134,-12.7574268446,-13.0844081555,;
3.0,5.0,13.0,1.0,1.0,1.0,1.0,;
3.0,5.0,14.0,-10.8128374923,-16.9897364195,-11.0220893618,-11.6683852328,;
3.0,5.0,15.0,-2.40127907758,-24.9260021932,-2.53424942296,-2.77635292265,;
3.0,5.0,16.0,-3.60188266065,-7.36553920231,-3.41592234812,-3.65666484172,;
3.0,6.0,0.0,-10.5427645031,-27.9058941636,-8.82970569232,-17.8948614584,;
3.0,6.0,1.0,-1.45888272188,-27.8051455809,0.596245229584,-29.7705088757,;
3.0,6.0,2.0,-2.20305351637,-10.9425861021,-0.125780344783,-12.4646086055,;
3.0,6.0,3.0,-12.7051463872,-1.36578910138,-1.2965612826,-12.8546266112,;
3.0,6.0,4.0,-29.6967064745,-2.29535166769,-2.1850487923,-30.652312333,;
3.0,6.0,5.0,-12.5277267995,-12.2578109157,-12.2190907271,-18.694362588,;
3.0,6.0,6.0,-3.39522172744,-29.9550694069,-3.13680065795,-30.9786759871,;
3.0,6.0,7.0,-3.49311920634,-13.3141236033,-3.35863512479,-13.5939404314,;
3.0,6.0,8.0,-3.4884421762,-3.48584766933,-3.36506399124,-3.79335105928,;
3.0,6.0,9.0,-3.32733367024,-3.49639425367,-3.28856792442,-3.6258864632,;
3.0,6.0,10.0,-3.22274350997,-3.37418382285,-3.21939012279,-3.4076867112,;
3.0,6.0,11.0,-12.998104113,-3.1661333309,-2.9997154242,-13.2217018357,;
3.0,6.0,12.0,-26.4213539502,-2.85087981794,-2.88120219018,-28.5166036763,;
3.0,6.0,13.0,-10.9693397597,-10.8994486633,-11.0275457604,-16.168088367,;
3.0,6.0,14.0,-2.72241965811,-22.7776608754,-2.62478063371,-26.1884508182,;
3.0,6.0,15.0,-3.21420847521,-12.1552380473,-2.86327154116,-10.6978743286,;
3.0,6.0,16.0,-3.16042346051,-3.19695050051,-3.22687061477,-3.55822566315,;
3.0,7.0,0.0,0.195811589988,-8.89637427396,3.74903806928,-27.7301093732,;
3.0,7.0,1.0,-0.412416419783,-8.65801438797,2.61158538263,-11.1219753997,;
3.0,7.0,2.0,-1.34583454565,0.676591809021,1.31366889691,-1.39081088451,;
3.0,7.0,3.0,-2.14609509485,-0.10091732962,-0.257869701761,-2.21647024703,;
3.0,7.0,4.0,-12.7098825746,-1.2594013808,-1.56339334281,-12.4351458955,;
3.0,7.0,5.0,-3.01230398742,-2.17510453778,-2.31650186832,-27.9396420686,;
3.0,7.0,6.0,-3.1673899248,-12.078666624,-2.82252084909,-13.1300864912,;
3.0,7.0,7.0,-3.27769580009,-3.12089827073,-3.05212675923,-3.4558713886,;
3.0,7.0,8.0,-3.20661659586,-3.1809617145,-3.15859258354,-3.4228124756,;
3.0,7.0,9.0,-3.1386438591,-3.22174898315,-3.04282598641,-3.41480735352,;
3.0,7.0,10.0,-3.00307032185,-3.02368450321,-2.98559560413,-3.30674284431,;
3.0,7.0,11.0,-2.79598855942,-2.99935366439,-2.78255006004,-3.11985735745,;
3.0,7.0,12.0,-12.466473335,-2.96151381112,-2.5389868981,-12.7512550645,;
3.0,7.0,13.0,-2.51725614265,-2.53026453803,-2.5225273012,-27.0458294669,;
3.0,7.0,14.0,-2.71815482232,-11.4502951151,-2.51480594206,-12.2778873046,;
3.0,7.0,15.0,-3.0815477336,-2.69783475519,-2.62377018289,-2.75125720592,;
3.0,7.0,16.0,-3.11843344193,-3.05007212705,-3.05427515678,-3.16047675431,;
3.0,8.0,0.0,2.39337599544,3.19731252924,7.05747525768,-8.97307934809,;
3.0,8.0,1.0,0.928470262093,3.74026487357,5.00311936354,0.54977809562,;
3.0,8.0,2.0,-0.0847263559065,2.82497127688,3.01129243713,-0.206812956652,;
3.0,8.0,3.0,-1.47039437857,1.34593493724,0.996574460613,-1.3343979214,;
3.0,8.0,4.0,-2.31421450113,-0.0953865669919,-0.504172882257,-2.17074058894,;
3.0,8.0,5.0,-2.70210022892,-1.47096982647,-1.84890120692,-12.6022360985,;
3.0,8.0,6.0,-2.78889312228,-2.33102709288,-2.41299445843,-2.93404113846,;
3.0,8.0,7.0,-2.93348513451,-2.73476062261,-2.75561719232,-3.07072177706,;
3.0,8.0,8.0,-2.87578758795,-2.93882376737,-2.9395906544,-3.13674244312,;
3.0,8.0,9.0,-2.77645937694,-2.98422930923,-2.7781299202,-3.18077291683,;
3.0,8.0,10.0,-2.72198885909,-2.83307383427,-2.75440421706,-2.95537954419,;
3.0,8.0,11.0,-2.57717241186,-2.64713121612,-2.60233258846,-2.90771347659,;
3.0,8.0,12.0,-2.49314696961,-2.55473797036,-2.39201614703,-2.63643960167,;
3.0,8.0,13.0,-2.41005617213,-2.48536681631,-2.34050204982,-12.3793682621,;
3.0,8.0,14.0,-2.6205690861,-2.43696716141,-2.46484408871,-2.61903352847,;
3.0,8.0,15.0,-2.506677206,-2.6106221706,-2.49009921121,-2.60525790935,;
3.0,8.0,16.0,-2.77230798941,-2.80849943687,-2.79400341212,-3.08088750738,;
3.0,9.0,0.0,4.13456837268,6.27283123905,10.6944024161,2.724907693,;
3.0,9.0,1.0,2.89168220344,7.10738902785,7.63116858283,2.35682393726,;
3.0,9.0,2.0,1.08975012654,5.08077387795,5.00098605868,1.19126582353,;
3.0,9.0,3.0,-0.504839483293,2.93429372074,2.57990294523,-0.291364529725,;
3.0,9.0,4.0,-1.71891411389,1.06589543185,0.615925622972,-1.38815529579,;
3.0,9.0,5.0,-2.28669649272,-0.502157815131,-0.828051478585,-2.22059195971,;
3.0,9.0,6.0,-2.40541183123,-1.80185009041,-1.67362483058,-2.70278545968,;
3.0,9.0,7.0,-2.76943890065,-2.33931957117,-2.3382597448,-2.89634049292,;
3.0,9.0,8.0,-2.75464415059,-2.72683300733,-2.69946684866,-2.92831388966,;
3.0,9.0,9.0,-2.63447745987,-2.96889086029,-2.56595687519,-2.74016884796,;
3.0,9.0,10.0,-2.45281159327,-2.80520380755,-2.50248127613,-2.83319199218,;
3.0,9.0,11.0,-2.40372376475,-2.49903306054,-2.29399964946,-2.51843896669,;
3.0,9.0,12.0,-2.32181834489,-2.35769396245,-2.28002350387,-2.4786283447,;
3.0,9.0,13.0,-2.23503582344,-2.25689382619,-2.24361762911,-2.3055731626,;
3.0,9.0,14.0,-2.36691222378,-2.29541564761,-2.19076422463,-2.51417999783,;
3.0,9.0,15.0,-2.61127634671,-2.36773808596,-2.26746820939,-2.38638754842,;
3.0,9.0,16.0,-2.64479218947,-2.63783743456,-2.62088414947,-2.79435714452,;
3.0,10.0,0.0,1.0,1.0,1.0,1.0,;
3.0,10.0,1.0,4.90614651356,10.7976210554,3.84379972866,4.91595007802,;
3.0,10.0,2.0,2.80186687189,7.62849098747,2.23470274394,2.83804665212,;
3.0,10.0,3.0,0.582193098051,5.04005268817,0.616358940788,0.808784446714,;
3.0,10.0,4.0,-0.577988533778,2.69077351662,-0.961387677567,-0.462718349423,;
3.0,10.0,5.0,-1.62771351085,0.87385356285,-1.6229199976,-1.54748019187,;
3.0,10.0,6.0,-2.01502687755,-0.571380114418,-2.09373729306,-2.22523104128,;
3.0,10.0,7.0,-2.51705134924,-1.67974146703,-2.0385919468,-2.49870597063,;
3.0,10.0,8.0,-2.47334200719,-2.28691011551,-2.38698445857,-2.77475759657,;
3.0,10.0,9.0,-2.2866781985,-2.47451904804,-2.29433235077,-2.61919123687,;
3.0,10.0,10.0,-2.28077563438,-2.29026093328,-2.22091825981,-2.4579038221,;
3.0,10.0,11.0,-2.33820091045,-2.14258171216,-2.106444664,-2.14619818256,;
3.0,10.0,12.0,-2.10548993934,-2.17551285853,-2.07137532627,-2.32992285693,;
3.0,10.0,13.0,-2.14118398638,-2.15453104458,-2.03395169678,-2.10505001469,;
3.0,10.0,14.0,-2.05781129946,-2.0281297549,-2.0671241255,-2.09932418638,;
3.0,10.0,15.0,-2.52633421697,-2.03695645302,-2.00338609867,-2.19456887229,;
3.0,10.0,16.0,-2.49585635077,-2.4613957064,-2.461620638,-2.68392343037,;
3.0,11.0,0.0,1.63706365728,1.48238755438,0.6594639552,7.72465615832,;
3.0,11.0,1.0,1.50957998167,2.93708308055,0.490972228244,6.86692566246,;
3.0,11.0,2.0,0.148918578107,2.39344172466,-0.394855627866,4.88901747516,;
3.0,11.0,3.0,-0.724998393518,1.40057978813,-0.636258024084,2.64694066217,;
3.0,11.0,4.0,-1.2670553329,0.440897899009,-1.22618550828,0.485890053332,;
3.0,11.0,5.0,-1.785336864,-0.955880752902,-1.61464680973,-0.950891266809,;
3.0,11.0,6.0,-2.03741163525,-1.66676386579,-1.65580902572,-1.80678743283,;
3.0,11.0,7.0,-1.93043511586,-1.9426295099,-1.89919411318,-1.96657007228,;
3.0,11.0,8.0,-1.97444052011,-2.13681310819,-1.97264513518,-2.47526951705,;
3.0,11.0,9.0,-1.89599996121,-2.05114927097,-1.8777619129,-2.34916971882,;
3.0,11.0,10.0,-1.94880296327,-1.96913509504,-1.87227509159,-2.27280442052,;
3.0,11.0,11.0,-1.84994580284,-1.93690060581,-1.83792994419,-1.93569822418,;
3.0,11.0,12.0,-1.9715139361,-1.82396151008,-1.8263937223,-1.89471497762,;
3.0,11.0,13.0,-1.89649338218,-1.91341414432,-1.9253768645,-1.92923830064,;
3.0,11.0,14.0,-1.97942297703,-1.87219871282,-1.81209627399,-1.96768891858,;
3.0,11.0,15.0,-1.95030138194,-1.95429093902,-1.88551191087,-1.96181356726,;
3.0,11.0,16.0,-2.35922830757,-2.3110349821,-2.49060363539,-2.30225506768,;
3.0,12.0,0.0,0.662012179969,0.768672,1.00616,1.6946632448,;
3.0,12.0,1.0,0.086547979702,0.50526,1.38538132035,2.25407515313,;
3.0,12.0,2.0,-0.27629497425,0.110817377872,0.133855828884,1.1816135139,;
3.0,12.0,3.0,-0.709657273541,-0.240912506781,-0.139303604207,0.624063846412,;
3.0,12.0,4.0,-1.13342904113,-0.684200550667,-0.847058945034,-0.910302616087,;
3.0,12.0,5.0,-1.50646977158,-1.28515976084,-1.31463805318,-1.40651500008,;
3.0,12.0,6.0,-1.5530288171,-1.52412746965,-1.5054703005,-1.60013217853,;
3.0,12.0,7.0,-1.66817323287,-1.71137434539,-1.75785217287,-1.70164583484,;
3.0,12.0,8.0,-1.80529358036,-1.79528408301,-1.59773978204,-1.96871112705,;
3.0,12.0,9.0,-1.79349780638,-1.79105559341,-1.65578414071,-1.7845807943,;
3.0,12.0,10.0,-1.65754883,-1.76891976345,-1.6183803436,-1.94804933153,;
3.0,12.0,11.0,-1.65815456795,-1.7264349806,-1.55247011033,-1.57595046346,;
3.0,12.0,12.0,-1.60548782054,-1.61586714081,-1.58649624501,-1.80799180708,;
3.0,12.0,13.0,-1.72557689598,-1.84647814327,-1.63399779368,-1.75852403822,;
3.0,12.0,14.0,-1.85171597353,-1.73539856027,-1.5977964407,-1.61967046715,;
3.0,12.0,15.0,-2.1500084829,-1.62436499886,-1.64328823179,-1.71180528932,;
3.0,12.0,16.0,-2.23601723768,-2.2826550441,-2.25798084633,-2.47371011255,;
3.0,13.0,0.0,0.930235246234,0.9464,3.18,0.7107808896,;
3.0,13.0,1.0,0.753147483104,1.00616,6.80651763246,0.541667301686,;
3.0,13.0,2.0,-0.00169824622662,0.994708931393,4.02983513908,-0.101952088762,;
3.0,13.0,3.0,-0.434878525436,0.322523182217,1.50638804976,-0.416728567154,;
3.0,13.0,4.0,-0.674591928154,-0.264376559369,-0.407342673415,-0.677561316449,;
3.0,13.0,5.0,-1.08482009677,-0.916632040181,-0.884752089149,-1.54681317943,;
3.0,13.0,6.0,-1.4385011324,-1.246981331,-1.1423087149,-1.7203069028,;
3.0,13.0,7.0,-1.5399669632,-1.49015963652,-1.47637094043,-1.65983958396,;
3.0,13.0,8.0,-1.30684633202,-1.65955488967,-1.43909721848,-1.43132171425,;
3.0,13.0,9.0,-1.42911768193,-1.50647040985,-1.32918077711,-1.49796416889,;
3.0,13.0,10.0,-1.52854332747,-1.43972941023,-1.46359260847,-1.4597353648,;
3.0,13.0,11.0,-1.27071463833,-1.4639358227,-1.35871560271,-1.50615993836,;
3.0,13.0,12.0,-1.43745039344,-1.29233624665,-1.35140010814,-1.37276999633,;
3.0,13.0,13.0,-1.33764605109,-1.44742188937,-1.41074347348,-1.59892491618,;
3.0,13.0,14.0,-1.24410345194,-1.3900897492,-1.31939191346,-1.47785873637,;
3.0,13.0,15.0,-2.08351216842,-1.2166650935,-1.24153676805,-1.37348978895,;
3.0,13.0,16.0,-2.15158873579,-2.00132789268,-1.98991459052,-2.36641827497,;
3.0,14.0,0.0,1.0,1.0,1.0,1.0,;
3.0,14.0,1.0,2.69869304476,21.3914841481,1.69647853993,1.03823524623,;
3.0,14.0,2.0,1.54547980861,12.9660737635,0.619687432639,0.616740613151,;
3.0,14.0,3.0,-0.217242952974,5.97677465872,0.179557272491,0.112060223579,;
3.0,14.0,4.0,-0.699183359013,1.40476078241,-0.439310447531,-0.342046600464,;
3.0,14.0,5.0,-0.974123432635,-0.264682738957,-0.597467723929,-1.08568323824,;
3.0,14.0,6.0,-1.19137800356,-0.916698403417,-1.06211590277,-1.03036409951,;
3.0,14.0,7.0,-1.18324209325,-1.20829580455,-1.25013337854,-1.40889997786,;
3.0,14.0,8.0,-1.35521535147,-1.21268149765,-1.14196763791,-1.4281196526,;
3.0,14.0,9.0,-1.24664898746,-1.15210851535,-1.1892203718,-1.41330189341,;
3.0,14.0,10.0,-1.11683525648,-1.36751593339,-1.13267621869,-1.48908923957,;
3.0,14.0,11.0,-1.21688423846,-1.31645208948,-1.17510166635,-1.20513701898,;
3.0,14.0,12.0,-1.27653053215,-1.27560396356,-1.30022606189,-1.25369638991,;
3.0,14.0,13.0,-1.24643629768,-1.28449090843,-1.02309062775,-1.20236137888,;
3.0,14.0,14.0,-1.24196200215,-1.20921119313,-1.1084425687,-1.10215959023,;
3.0,14.0,15.0,-1.28301469055,-1.24676858539,-1.08731834093,-1.1729598968,;
3.0,14.0,16.0,-1.82079206306,-1.64791812531,-1.70082943786,-1.80818498453,;
3.0,15.0,0.0,0.740496,0.88,0.88,9.927318,;
3.0,15.0,1.0,0.708212041132,2.0473116584,0.764066048,7.64848468092,;
3.0,15.0,2.0,0.623845504,1.44387665335,0.7624,3.41544536257,;
3.0,15.0,3.0,0.193183595009,0.573428026849,0.223504984031,1.84246506533,;
3.0,15.0,4.0,-0.333142670192,0.104196831103,-0.331890560165,-0.0216986438515,;
3.0,15.0,5.0,-0.633560266713,-0.377846146546,-0.32647015792,-0.48093441143,;
3.0,15.0,6.0,-1.11739956564,-0.719311244675,-0.891531641864,-0.959704559769,;
3.0,15.0,7.0,-0.983940944603,-1.20581931247,-0.971742584888,-1.14824277205,;
3.0,15.0,8.0,-1.0961290932,-0.96821796078,-0.989585117795,-0.981781456478,;
3.0,15.0,9.0,-0.955178917127,-0.943353346058,-0.854606990648,-1.24719075297,;
3.0,15.0,10.0,-0.996923552777,-0.993430158915,-1.03257141105,-1.21499434903,;
3.0,15.0,11.0,-1.03622764159,-1.11734584743,-0.932429553481,-1.35877041672,;
3.0,15.0,12.0,-1.09970872396,-1.18002130758,-1.10260361743,-1.16780045863,;
3.0,15.0,13.0,-0.775198608111,-1.06766606363,-0.923754574547,-0.951726114041,;
3.0,15.0,14.0,-0.864720259885,-0.884490833322,-0.868067904801,-1.05136399446,;
3.0,15.0,15.0,-1.41433545042,-0.923908644413,-0.964146884462,-0.849516860078,;
3.0,15.0,16.0,-1.54734549736,-1.38247403929,-1.40440839361,-1.68200246552,;
3.0,16.0,0.0,0.7544703488,1.0,1.0,1.0544,;
3.0,16.0,1.0,0.7624,0.776352,0.473164,1.41761209002,;
3.0,16.0,2.0,0.504112334871,0.351916756728,0.742066223104,0.766529418321,;
3.0,16.0,3.0,0.172019038535,0.394201648,0.183010630624,0.348737247563,;
3.0,16.0,4.0,-0.0456041229759,-0.002372449268,0.0533181430577,-0.00173605462434,;
3.0,16.0,5.0,-0.462652223853,-0.140762809993,-0.380443593853,-0.143031500701,;
3.0,16.0,6.0,-0.92287953344,-0.513114555299,-0.632818025616,-0.870334037642,;
3.0,16.0,7.0,-0.76039171065,-0.764329791257,-0.816390139119,-1.03801438745,;
3.0,16.0,8.0,-0.790776340712,-0.838448140587,-0.858397103246,-0.991581320584,;
3.0,16.0,9.0,-0.637791064059,-1.05826103406,-0.693883929445,-1.02282530223,;
3.0,16.0,10.0,-0.906116701861,-0.685115434763,-0.800658620396,-0.827358169772,;
3.0,16.0,11.0,-0.871127321283,-0.804871807523,-0.869045777509,-0.817324820466,;
3.0,16.0,12.0,-0.900551594796,-0.878411094029,-0.932266734342,-1.09913971283,;
3.0,16.0,13.0,-0.920441939697,-0.875106295186,-0.702074542811,-0.859232492508,;
3.0,16.0,14.0,-0.831658722819,-0.729153816036,-0.703674473836,-0.792938252017,;
3.0,16.0,15.0,-0.867195303419,-0.712295379297,-0.762585236002,-0.763815702031,;
3.0,16.0,16.0,-1.33250909628,-1.20194054042,-1.20437152977,-1.52790418328,;
3.0,17.0,0.0,0.75376,0.772,4.6504,1.0,;
3.0,17.0,1.0,0.636399023104,0.6748,1.14942885216,0.65656,;
3.0,17.0,2.0,0.431402823424,0.65656,0.615012605356,0.3882988,;
3.0,17.0,3.0,0.5018877568,0.224319148,0.270635320228,0.232712974551,;
3.0,17.0,4.0,0.0121542270015,0.0852063189948,-0.194047866044,0.267548382572,;
3.0,17.0,5.0,-0.378350438754,-0.13582525248,-0.166078337801,-0.292283549562,;
3.0,17.0,6.0,-0.520813224895,-0.426296839443,-0.584192880911,-0.481098859576,;
3.0,17.0,7.0,-0.680936141344,-0.583956403581,-0.803186425988,-0.792911207056,;
3.0,17.0,8.0,-0.631307726378,-0.715857328185,-0.931661334495,-0.786030988991,;
3.0,17.0,9.0,-0.43400666842,-0.702305050518,-0.793558175087,-0.872366100091,;
3.0,17.0,10.0,-0.835632128389,-0.670645742228,-0.720081387735,-0.631203157323,;
3.0,17.0,11.0,-0.944184584561,-0.769891187555,-1.11600843031,-0.58266796995,;
3.0,17.0,12.0,-0.712472878882,-0.867753924295,-0.761609112825,-1.08490680639,;
3.0,17.0,13.0,-0.601231268907,-0.799715659275,-0.662432620487,-0.703683156904,;
3.0,17.0,14.0,-0.732599935683,-0.646510039723,-0.83506191979,-0.612722254537,;
3.0,17.0,15.0,-0.640851193224,-0.676621551558,-0.886603895274,-0.598805086992,;
3.0,17.0,16.0,-1.04583083727,-1.05091664146,-1.12732494972,-1.1712431219,;
3.0,18.0,0.0,0.88,1.0,1.1504,10.938552,;
3.0,18.0,1.0,0.482259726266,7.0191268,0.7614947544,0.844685432192,;
3.0,18.0,2.0,0.142140550082,2.35596200321,0.385634211448,0.304925917938,;
3.0,18.0,3.0,-0.24941298157,0.205734255111,-0.0648230348459,-0.245495389559,;
3.0,18.0,4.0,-0.229983971699,-0.353060282502,-0.236575873029,-0.323883105144,;
3.0,18.0,5.0,-0.975082017957,-0.426098398039,-0.538808039846,-0.31546303291,;
3.0,18.0,6.0,-1.063775016,-0.786766115936,-0.996645623131,-0.761552615621,;
3.0,18.0,7.0,-1.15473169856,-1.02236395141,-1.25371012837,-0.935482892391,;
3.0,18.0,8.0,-1.09697506569,-1.11106332185,-1.13349245,-1.03301530413,;
3.0,18.0,9.0,-1.12861937776,-1.09925763274,-1.10082550279,-1.16643222126,;
3.0,18.0,10.0,-1.10178195396,-1.13773500985,-1.0554437077,-1.07181528896,;
3.0,18.0,11.0,-1.19737268976,-1.15725688819,-1.08097313907,-1.19353631471,;
3.0,18.0,12.0,-1.15265708761,-1.21098291157,-1.29546079202,-1.13845626452,;
3.0,18.0,13.0,-0.876124959415,-1.10548043564,-0.886123230809,-0.936321860357,;
3.0,18.0,14.0,-0.957933965046,-0.965355508794,-1.05519895105,-0.886667652123,;
3.0,18.0,15.0,-1.15956783567,-0.937425073704,-1.19769935888,-0.904312676117,;
3.0,18.0,16.0,-1.49769596802,-1.59888173833,-1.46625688684,-1.46054482946,;
