0.0,0.0,0.0,1.0,1.0,1.0,1.0,;
0.0,0.0,1.0,1.0,1.0,1.0,1.0,;
0.0,0.0,2.0,1.0,1.0,1.0,1.0,;
0.0,0.0,3.0,1.0,1.0,1.0,1.0,;
0.0,0.0,4.0,1.0,1.0,1.0,1.0,;
0.0,0.0,5.0,1.0,1.0,1.0,1.0,;
0.0,0.0,6.0,1.0,1.0,1.0,1.0,;
0.0,0.0,7.0,1.0,1.0,1.0,1.0,;
0.0,0.0,8.0,1.0,1.0,1.0,1.0,;
0.0,0.0,9.0,1.0,1.0,1.0,1.0,;
0.0,0.0,10.0,1.0,1.0,1.0,1.0,;
0.0,0.0,11.0,1.0,1.0,1.0,1.0,;
0.0,0.0,12.0,1.0,1.0,1.0,1.0,;
0.0,0.0,13.0,1.0,1.0,1.0,1.0,;
0.0,0.0,14.0,1.0,1.0,1.0,1.0,;
0.0,0.0,15.0,1.0,1.0,1.0,1.0,;
0.0,0.0,16.0,1.0,1.0,1.0,1.0,;
0.0,1.0,0.0,1.0,1.0,1.0,1.0,;
0.0,1.0,1.0,1.0,1.0,1.0,1.0,;
0.0,1.0,2.0,1.0,1.0,1.0,1.0,;
0.0,1.0,3.0,1.0,1.0,1.0,1.0,;
0.0,1.0,4.0,1.0,1.0,1.0,1.0,;
0.0,1.0,5.0,1.0,1.0,1.0,1.0,;
0.0,1.0,6.0,1.0,1.0,1.0,1.0,;
0.0,1.0,7.0,1.0,1.0,1.0,1.0,;
0.0,1.0,8.0,1.0,1.0,1.0,1.0,;
0.0,1.0,9.0,1.0,1.0,1.0,1.0,;
0.0,1.0,10.0,1.0,1.0,1.0,1.0,;
0.0,1.0,11.0,1.0,1.0,1.0,1.0,;
0.0,1.0,12.0,1.0,1.0,1.0,1.0,;
0.0,1.0,13.0,1.0,1.0,1.0,1.0,;
0.0,1.0,14.0,1.0,1.0,1.0,1.0,;
0.0,1.0,15.0,1.0,1.0,1.0,1.0,;
0.0,1.0,16.0,1.0,1.0,1.0,1.0,;
0.0,2.0,0.0,1.0,1.0,1.0,1.0,;
0.0,2.0,1.0,1.0,1.0,1.0,1.0,;
0.0,2.0,2.0,1.0,1.0,1.0,1.0,;
0.0,2.0,3.0,1.0,1.0,1.0,1.0,;
0.0,2.0,4.0,1.0,1.0,1.0,1.0,;
0.0,2.0,5.0,1.0,1.0,1.0,1.0,;
0.0,2.0,6.0,1.0,1.0,1.0,1.0,;
0.0,2.0,7.0,1.0,1.0,1.0,1.0,;
0.0,2.0,8.0,1.0,1.0,1.0,1.0,;
0.0,2.0,9.0,1.0,1.0,1.0,1.0,;
0.0,2.0,10.0,1.0,1.0,1.0,1.0,;
0.0,2.0,11.0,1.0,1.0,1.0,1.0,;
0.0,2.0,12.0,1.0,1.0,1.0,1.0,;
0.0,2.0,13.0,1.0,1.0,1.0,1.0,;
0.0,2.0,14.0,1.0,1.0,1.0,1.0,;
0.0,2.0,15.0,1.0,1.0,1.0,1.0,;
0.0,2.0,16.0,1.0,1.0,1.0,1.0,;
0.0,3.0,0.0,1.0,1.0,1.0,1.0,;
0.0,3.0,1.0,1.0,1.0,1.0,1.0,;
0.0,3.0,2.0,1.0,1.0,1.0,1.0,;
0.0,3.0,3.0,1.0,1.0,1.0,1.0,;
0.0,3.0,4.0,1.0,1.0,1.0,1.0,;
0.0,3.0,5.0,1.0,1.0,1.0,1.0,;
0.0,3.0,6.0,1.0,1.0,1.0,1.0,;
0.0,3.0,7.0,1.0,1.0,1.0,1.0,;
0.0,3.0,8.0,1.0,1.0,1.0,1.0,;
0.0,3.0,9.0,1.0,1.0,1.0,1.0,;
0.0,3.0,10.0,1.0,1.0,1.0,1.0,;
0.0,3.0,11.0,1.0,1.0,1.0,1.0,;
0.0,3.0,12.0,1.0,1.0,1.0,1.0,;
0.0,3.0,13.0,1.0,1.0,1.0,1.0,;
0.0,3.0,14.0,1.0,1.0,1.0,1.0,;
0.0,3.0,15.0,1.0,1.0,1.0,1.0,;
0.0,3.0,16.0,1.0,1.0,1.0,1.0,;
0.0,4.0,0.0,1.0,1.0,1.0,1.0,;
0.0,4.0,1.0,1.0,1.0,1.0,1.0,;
0.0,4.0,2.0,1.0,1.0,1.0,1.0,;
0.0,4.0,3.0,1.0,1.0,1.0,1.0,;
0.0,4.0,4.0,1.0,1.0,1.0,1.0,;
0.0,4.0,5.0,1.0,1.0,1.0,1.0,;
0.0,4.0,6.0,1.0,1.0,1.0,1.0,;
0.0,4.0,7.0,1.0,1.0,1.0,1.0,;
0.0,4.0,8.0,1.0,1.0,1.0,1.0,;
0.0,4.0,9.0,1.0,1.0,1.0,1.0,;
0.0,4.0,10.0,1.0,1.0,1.0,1.0,;
0.0,4.0,11.0,1.0,1.0,1.0,1.0,;
0.0,4.0,12.0,1.0,1.0,1.0,1.0,;
0.0,4.0,13.0,1.0,1.0,1.0,1.0,;
0.0,4.0,14.0,1.0,1.0,1.0,1.0,;
0.0,4.0,15.0,1.0,1.0,1.0,1.0,;
0.0,4.0,16.0,1.0,1.0,1.0,1.0,;
0.0,5.0,0.0,1.0,1.0,1.0,1.0,;
0.0,5.0,1.0,1.0,1.0,1.0,1.0,;
0.0,5.0,2.0,1.0,1.0,1.0,1.0,;
0.0,5.0,3.0,1.0,1.0,1.0,1.0,;
0.0,5.0,4.0,1.0,1.0,1.0,1.0,;
0.0,5.0,5.0,1.0,1.0,1.0,1.0,;
0.0,5.0,6.0,1.0,1.0,1.0,1.0,;
0.0,5.0,7.0,1.0,1.0,1.0,1.0,;
0.0,5.0,8.0,1.0,1.0,1.0,1.0,;
0.0,5.0,9.0,1.0,1.0,1.0,1.0,;
0.0,5.0,10.0,1.0,1.0,1.0,1.0,;
0.0,5.0,11.0,1.0,1.0,1.0,1.0,;
0.0,5.0,12.0,1.0,1.0,1.0,1.0,;
0.0,5.0,13.0,1.0,1.0,1.0,1.0,;
0.0,5.0,14.0,1.0,1.0,1.0,1.0,;
0.0,5.0,15.0,1.0,1.0,1.0,1.0,;
0.0,5.0,16.0,1.0,1.0,1.0,1.0,;
0.0,6.0,0.0,1.0,1.0,1.0,1.0,;
0.0,6.0,1.0,1.0,1.0,1.0,1.0,;
0.0,6.0,2.0,1.0,1.0,1.0,1.0,;
0.0,6.0,3.0,1.0,1.0,1.0,1.0,;
0.0,6.0,4.0,1.0,1.0,1.0,1.0,;
0.0,6.0,5.0,1.0,1.0,1.0,1.0,;
0.0,6.0,6.0,1.0,1.0,1.0,1.0,;
0.0,6.0,7.0,1.0,1.0,1.0,1.0,;
0.0,6.0,8.0,1.0,1.0,1.0,1.0,;
0.0,6.0,9.0,1.0,1.0,1.0,1.0,;
0.0,6.0,10.0,1.0,1.0,1.0,1.0,;
0.0,6.0,11.0,1.0,1.0,1.0,1.0,;
0.0,6.0,12.0,1.0,1.0,1.0,1.0,;
0.0,6.0,13.0,1.0,1.0,1.0,1.0,;
0.0,6.0,14.0,1.0,1.0,1.0,1.0,;
0.0,6.0,15.0,1.0,1.0,1.0,1.0,;
0.0,6.0,16.0,1.0,1.0,1.0,1.0,;
0.0,7.0,0.0,1.0,1.0,1.0,1.0,;
0.0,7.0,1.0,1.0,1.0,1.0,1.0,;
0.0,7.0,2.0,1.0,1.0,1.0,1.0,;
0.0,7.0,3.0,1.0,1.0,1.0,1.0,;
0.0,7.0,4.0,1.0,1.0,1.0,1.0,;
0.0,7.0,5.0,1.0,1.0,1.0,1.0,;
0.0,7.0,6.0,1.0,1.0,1.0,1.0,;
0.0,7.0,7.0,1.0,1.0,1.0,1.0,;
0.0,7.0,8.0,1.0,1.0,1.0,1.0,;
0.0,7.0,9.0,1.0,1.0,1.0,1.0,;
0.0,7.0,10.0,1.0,1.0,1.0,1.0,;
0.0,7.0,11.0,1.0,1.0,1.0,1.0,;
0.0,7.0,12.0,1.0,1.0,1.0,1.0,;
0.0,7.0,13.0,1.0,1.0,1.0,1.0,;
0.0,7.0,14.0,1.0,1.0,1.0,1.0,;
0.0,7.0,15.0,1.0,1.0,1.0,1.0,;
0.0,7.0,16.0,1.0,1.0,1.0,1.0,;
0.0,8.0,0.0,1.0,1.0,1.0,1.0,;
0.0,8.0,1.0,1.0,1.0,1.0,1.0,;
0.0,8.0,2.0,1.0,1.0,1.0,1.0,;
0.0,8.0,3.0,1.0,1.0,1.0,1.0,;
0.0,8.0,4.0,1.0,1.0,1.0,1.0,;
0.0,8.0,5.0,1.0,1.0,1.0,1.0,;
0.0,8.0,6.0,1.0,1.0,1.0,1.0,;
0.0,8.0,7.0,1.0,1.0,1.0,1.0,;
0.0,8.0,8.0,1.0,1.0,1.0,1.0,;
0.0,8.0,9.0,1.0,1.0,1.0,1.0,;
0.0,8.0,10.0,1.0,1.0,1.0,1.0,;
0.0,8.0,11.0,1.0,1.0,1.0,1.0,;
0.0,8.0,12.0,1.0,1.0,1.0,1.0,;
0.0,8.0,13.0,1.0,1.0,1.0,1.0,;
0.0,8.0,14.0,1.0,1.0,1.0,1.0,;
0.0,8.0,15.0,1.0,1.0,1.0,1.0,;
0.0,8.0,16.0,1.0,1.0,1.0,1.0,;
0.0,9.0,0.0,1.0,1.0,1.0,1.0,;
0.0,9.0,1.0,1.0,1.0,1.0,1.0,;
0.0,9.0,2.0,1.0,1.0,1.0,1.0,;
0.0,9.0,3.0,1.0,1.0,1.0,1.0,;
0.0,9.0,4.0,1.0,1.0,1.0,1.0,;
0.0,9.0,5.0,1.0,1.0,1.0,1.0,;
0.0,9.0,6.0,1.0,1.0,1.0,1.0,;
0.0,9.0,7.0,1.0,1.0,1.0,1.0,;
0.0,9.0,8.0,1.0,1.0,1.0,1.0,;
0.0,9.0,9.0,1.0,1.0,1.0,1.0,;
0.0,9.0,10.0,1.0,1.0,1.0,1.0,;
0.0,9.0,11.0,1.0,1.0,1.0,1.0,;
0.0,9.0,12.0,1.0,1.0,1.0,1.0,;
0.0,9.0,13.0,1.0,1.0,1.0,1.0,;
0.0,9.0,14.0,1.0,1.0,1.0,1.0,;
0.0,9.0,15.0,1.0,1.0,1.0,1.0,;
0.0,9.0,16.0,1.0,1.0,1.0,1.0,;
0.0,10.0,0.0,1.0,1.0,1.0,1.0,;
0.0,10.0,1.0,1.0,1.0,1.0,1.0,;
0.0,10.0,2.0,1.0,1.0,1.0,1.0,;
0.0,10.0,3.0,1.0,1.0,1.0,1.0,;
0.0,10.0,4.0,1.0,1.0,1.0,1.0,;
0.0,10.0,5.0,1.0,1.0,1.0,1.0,;
0.0,10.0,6.0,1.0,1.0,1.0,1.0,;
0.0,10.0,7.0,1.0,1.0,1.0,1.0,;
0.0,10.0,8.0,1.0,1.0,1.0,1.0,;
0.0,10.0,9.0,1.0,1.0,1.0,1.0,;
0.0,10.0,10.0,1.0,1.0,1.0,1.0,;
0.0,10.0,11.0,1.0,1.0,1.0,1.0,;
0.0,10.0,12.0,1.0,1.0,1.0,1.0,;
0.0,10.0,13.0,1.0,1.0,1.0,1.0,;
0.0,10.0,14.0,1.0,1.0,1.0,1.0,;
0.0,10.0,15.0,1.0,1.0,1.0,1.0,;
0.0,10.0,16.0,1.0,1.0,1.0,1.0,;
0.0,11.0,0.0,1.0,1.0,1.0,1.0,;
0.0,11.0,1.0,1.0,1.0,1.0,1.0,;
0.0,11.0,2.0,1.0,1.0,1.0,1.0,;
0.0,11.0,3.0,1.0,1.0,1.0,1.0,;
0.0,11.0,4.0,1.0,1.0,1.0,1.0,;
0.0,11.0,5.0,1.0,1.0,1.0,1.0,;
0.0,11.0,6.0,1.0,1.0,1.0,1.0,;
0.0,11.0,7.0,1.0,1.0,1.0,1.0,;
0.0,11.0,8.0,1.0,1.0,1.0,1.0,;
0.0,11.0,9.0,1.0,1.0,1.0,1.0,;
0.0,11.0,10.0,1.0,1.0,1.0,1.0,;
0.0,11.0,11.0,1.0,1.0,1.0,1.0,;
0.0,11.0,12.0,1.0,1.0,1.0,1.0,;
0.0,11.0,13.0,1.0,1.0,1.0,1.0,;
0.0,11.0,14.0,1.0,1.0,1.0,1.0,;
0.0,11.0,15.0,1.0,1.0,1.0,1.0,;
0.0,11.0,16.0,1.0,1.0,1.0,1.0,;
0.0,12.0,0.0,1.0,1.0,1.0,1.0,;
0.0,12.0,1.0,1.0,1.0,1.0,1.0,;
0.0,12.0,2.0,1.0,1.0,1.0,1.0,;
0.0,12.0,3.0,1.0,1.0,1.0,1.0,;
0.0,12.0,4.0,1.0,1.0,1.0,1.0,;
0.0,12.0,5.0,1.0,1.0,1.0,1.0,;
0.0,12.0,6.0,1.0,1.0,1.0,1.0,;
0.0,12.0,7.0,1.0,1.0,1.0,1.0,;
0.0,12.0,8.0,1.0,1.0,1.0,1.0,;
0.0,12.0,9.0,1.0,1.0,1.0,1.0,;
0.0,12.0,10.0,1.0,1.0,1.0,1.0,;
0.0,12.0,11.0,1.0,1.0,1.0,1.0,;
0.0,12.0,12.0,1.0,1.0,1.0,1.0,;
0.0,12.0,13.0,1.0,1.0,1.0,1.0,;
0.0,12.0,14.0,1.0,1.0,1.0,1.0,;
0.0,12.0,15.0,1.0,1.0,1.0,1.0,;
0.0,12.0,16.0,1.0,1.0,1.0,1.0,;
0.0,13.0,0.0,1.0,1.0,1.0,1.0,;
0.0,13.0,1.0,1.0,1.0,1.0,1.0,;
0.0,13.0,2.0,1.0,1.0,1.0,1.0,;
0.0,13.0,3.0,1.0,1.0,1.0,1.0,;
0.0,13.0,4.0,1.0,1.0,1.0,1.0,;
0.0,13.0,5.0,1.0,1.0,1.0,1.0,;
0.0,13.0,6.0,1.0,1.0,1.0,1.0,;
0.0,13.0,7.0,1.0,1.0,1.0,1.0,;
0.0,13.0,8.0,1.0,1.0,1.0,1.0,;
0.0,13.0,9.0,1.0,1.0,1.0,1.0,;
0.0,13.0,10.0,1.0,1.0,1.0,1.0,;
0.0,13.0,11.0,1.0,1.0,1.0,1.0,;
0.0,13.0,12.0,1.0,1.0,1.0,1.0,;
0.0,13.0,13.0,1.0,1.0,1.0,1.0,;
0.0,13.0,14.0,1.0,1.0,1.0,1.0,;
0.0,13.0,15.0,1.0,1.0,1.0,1.0,;
0.0,13.0,16.0,1.0,1.0,1.0,1.0,;
0.0,14.0,0.0,1.0,1.0,1.0,1.0,;
0.0,14.0,1.0,1.0,1.0,1.0,1.0,;
0.0,14.0,2.0,1.0,1.0,1.0,1.0,;
0.0,14.0,3.0,1.0,1.0,1.0,1.0,;
0.0,14.0,4.0,1.0,1.0,1.0,1.0,;
0.0,14.0,5.0,1.0,1.0,1.0,1.0,;
0.0,14.0,6.0,1.0,1.0,1.0,1.0,;
0.0,14.0,7.0,1.0,1.0,1.0,1.0,;
0.0,14.0,8.0,1.0,1.0,1.0,1.0,;
0.0,14.0,9.0,1.0,1.0,1.0,1.0,;
0.0,14.0,10.0,1.0,1.0,1.0,1.0,;
0.0,14.0,11.0,1.0,1.0,1.0,1.0,;
0.0,14.0,12.0,1.0,1.0,1.0,1.0,;
0.0,14.0,13.0,1.0,1.0,1.0,1.0,;
0.0,14.0,14.0,1.0,1.0,1.0,1.0,;
0.0,14.0,15.0,1.0,1.0,1.0,1.0,;
0.0,14.0,16.0,1.0,1.0,1.0,1.0,;
0.0,15.0,0.0,1.0,1.0,1.0,1.0,;
0.0,15.0,1.0,1.0,1.0,1.0,1.0,;
0.0,15.0,2.0,1.0,1.0,1.0,1.0,;
0.0,15.0,3.0,1.0,1.0,1.0,1.0,;
0.0,15.0,4.0,1.0,1.0,1.0,1.0,;
0.0,15.0,5.0,1.0,1.0,1.0,1.0,;
0.0,15.0,6.0,1.0,1.0,1.0,1.0,;
0.0,15.0,7.0,1.0,1.0,1.0,1.0,;
0.0,15.0,8.0,1.0,1.0,1.0,1.0,;
0.0,15.0,9.0,1.0,1.0,1.0,1.0,;
0.0,15.0,10.0,1.0,1.0,1.0,1.0,;
0.0,15.0,11.0,1.0,1.0,1.0,1.0,;
0.0,15.0,12.0,1.0,1.0,1.0,1.0,;
0.0,15.0,13.0,1.0,1.0,1.0,1.0,;
0.0,15.0,14.0,1.0,1.0,1.0,1.0,;
0.0,15.0,15.0,1.0,1.0,1.0,1.0,;
0.0,15.0,16.0,1.0,1.0,1.0,1.0,;
0.0,16.0,0.0,1.0,1.0,1.0,1.0,;
0.0,16.0,1.0,1.0,1.0,1.0,1.0,;
0.0,16.0,2.0,1.0,1.0,1.0,1.0,;
0.0,16.0,3.0,1.0,1.0,1.0,1.0,;
0.0,16.0,4.0,1.0,1.0,1.0,1.0,;
0.0,16.0,5.0,1.0,1.0,1.0,1.0,;
0.0,16.0,6.0,1.0,1.0,1.0,1.0,;
0.0,16.0,7.0,1.0,1.0,1.0,1.0,;
0.0,16.0,8.0,1.0,1.0,1.0,1.0,;
0.0,16.0,9.0,1.0,1.0,1.0,1.0,;
0.0,16.0,10.0,1.0,1.0,1.0,1.0,;
0.0,16.0,11.0,1.0,1.0,1.0,1.0,;
0.0,16.0,12.0,1.0,1.0,1.0,1.0,;
0.0,16.0,13.0,1.0,1.0,1.0,1.0,;
0.0,16.0,14.0,1.0,1.0,1.0,1.0,;
0.0,16.0,15.0,1.0,1.0,1.0,1.0,;
0.0,16.0,16.0,1.0,1.0,1.0,1.0,;
0.0,17.0,0.0,1.0,1.0,1.0,1.0,;
0.0,17.0,1.0,1.0,1.0,1.0,1.0,;
0.0,17.0,2.0,1.0,1.0,1.0,1.0,;
0.0,17.0,3.0,1.0,1.0,1.0,1.0,;
0.0,17.0,4.0,1.0,1.0,1.0,1.0,;
0.0,17.0,5.0,1.0,1.0,1.0,1.0,;
0.0,17.0,6.0,1.0,1.0,1.0,1.0,;
0.0,17.0,7.0,1.0,1.0,1.0,1.0,;
0.0,17.0,8.0,1.0,1.0,1.0,1.0,;
0.0,17.0,9.0,1.0,1.0,1.0,1.0,;
0.0,17.0,10.0,1.0,1.0,1.0,1.0,;
0.0,17.0,11.0,1.0,1.0,1.0,1.0,;
0.0,17.0,12.0,1.0,1.0,1.0,1.0,;
0.0,17.0,13.0,1.0,1.0,1.0,1.0,;
0.0,17.0,14.0,1.0,1.0,1.0,1.0,;
0.0,17.0,15.0,1.0,1.0,1.0,1.0,;
0.0,17.0,16.0,1.0,1.0,1.0,1.0,;
0.0,18.0,0.0,1.0,1.0,1.0,1.0,;
0.0,18.0,1.0,1.0,1.0,1.0,1.0,;
0.0,18.0,2.0,1.0,1.0,1.0,1.0,;
0.0,18.0,3.0,1.0,1.0,1.0,1.0,;
0.0,18.0,4.0,1.0,1.0,1.0,1.0,;
0.0,18.0,5.0,1.0,1.0,1.0,1.0,;
0.0,18.0,6.0,1.0,1.0,1.0,1.0,;
0.0,18.0,7.0,1.0,1.0,1.0,1.0,;
0.0,18.0,8.0,1.0,1.0,1.0,1.0,;
0.0,18.0,9.0,1.0,1.0,1.0,1.0,;
0.0,18.0,10.0,1.0,1.0,1.0,1.0,;
0.0,18.0,11.0,1.0,1.0,1.0,1.0,;
0.0,18.0,12.0,1.0,1.0,1.0,1.0,;
0.0,18.0,13.0,1.0,1.0,1.0,1.0,;
0.0,18.0,14.0,1.0,1.0,1.0,1.0,;
0.0,18.0,15.0,1.0,1.0,1.0,1.0,;
0.0,18.0,16.0,1.0,1.0,1.0,1.0,;
1.0,0.0,0.0,-4.89267824056,-4.92840434304,-4.91421326879,-4.92779486812,;
1.0,0.0,1.0,-1.45557467838,-2.1647660635,-1.58110944944,-1.44149625363,;
1.0,0.0,2.0,-1.17408094439,-1.16388167729,-1.15457677919,-1.14639118302,;
1.0,0.0,3.0,-1.10798143673,-2.65146659044,-1.04731291693,-0.988787960632,;
1.0,0.0,4.0,-1.17728401913,-1.18454938971,-1.22586933705,-1.22572606291,;
1.0,0.0,5.0,-2.55799224406,-1.23486963372,-1.03409099398,-1.07446512608,;
1.0,0.0,6.0,-0.854755571946,-0.862867755852,-0.837541689368,-0.790919457746,;
1.0,0.0,7.0,-0.912692899451,-0.844113692061,-0.909637450004,-0.910798969085,;
1.0,0.0,8.0,-0.809210641235,-0.858264634407,-0.855416960558,-0.829188014858,;
1.0,0.0,9.0,-0.665285530985,-0.677888252025,-0.70223734863,-0.730800643486,;
1.0,0.0,10.0,-0.610791649877,-0.636900606905,-0.793490980949,-0.651643267477,;
1.0,0.0,11.0,-2.35487500468,-1.02229480357,-1.03054785793,-0.992126617016,;
1.0,0.0,12.0,-0.653204487484,-0.569686090225,-0.724591742935,-0.561545694699,;
1.0,0.0,13.0,-0.717567722886,-0.684397258406,-0.67729774346,-0.657213676445,;
1.0,0.0,14.0,-0.710871360547,-0.713858900203,-0.760117840004,-0.822493417691,;
1.0,0.0,15.0,-0.81855836942,-0.707955611412,-0.690297414047,-0.742419291611,;
1.0,0.0,16.0,-1.44319967694,-3.2808429512,-1.42296194866,-2.59184336912,;
1.0,1.0,0.0,-0.87937939539,-0.822857713699,-0.820888754538,-1.24480393512,;
1.0,1.0,1.0,-0.936544559788,-0.845946882544,-0.925525188244,-0.912563734412,;
1.0,1.0,2.0,-1.11857697209,-1.05299065495,-1.09970315266,-1.05461402254,;
1.0,1.0,3.0,-1.3217356557,-1.20049779271,-1.23807646043,-1.26988280888,;
1.0,1.0,4.0,-1.20551166241,-1.20307015895,-1.21411178786,-1.21407059867,;
1.0,1.0,5.0,-1.01636386373,-0.954537097879,-1.04379468549,-0.95531818105,;
1.0,1.0,6.0,-0.930676276266,-0.948998931771,-0.988589789222,-0.993529305145,;
1.0,1.0,7.0,-0.901616773657,-0.933196563955,-0.923892990471,-0.88812155358,;
1.0,1.0,8.0,-0.954269474031,-0.882402293066,-0.912925076708,-0.886206402671,;
1.0,1.0,9.0,-0.954068561291,-0.93680458796,-0.96650780673,-2.28277429704,;
1.0,1.0,10.0,-0.855851910181,-0.915760299586,-0.832566536272,-0.850931350454,;
1.0,1.0,11.0,-0.808625547674,-0.853400173476,-0.845212398135,-0.806563871894,;
1.0,1.0,12.0,-0.745908051304,-0.685822618096,-0.693760150299,-0.758471832354,;
1.0,1.0,13.0,-0.730985873608,-0.684164961097,-0.671851814129,-0.724155533496,;
1.0,1.0,14.0,-0.715564882336,-0.70663739406,-0.762910926464,-0.747273066397,;
1.0,1.0,15.0,-0.782786696911,-0.807303765765,-0.74503960647,-0.774323981641,;
1.0,1.0,16.0,-1.36452760895,-1.3800680617,-1.42233340004,-1.43428749505,;
1.0,2.0,0.0,-0.975488168551,-0.902549100533,-1.45481276044,-0.91441633113,;
1.0,2.0,1.0,-1.01440637375,-1.02590555718,-0.966751318543,-0.968407086866,;
1.0,2.0,2.0,-1.10501576107,-1.0720292022,-1.05357026228,-1.04434817148,;
1.0,2.0,3.0,-1.13141253541,-1.13634440029,-1.17208756191,-1.16690909813,;
1.0,2.0,4.0,-1.28852200824,-1.25226439563,-1.4727829728,-1.30186717029,;
1.0,2.0,5.0,-1.27532158837,-1.28377559151,-3.11323125735,-2.14744750717,;
1.0,2.0,6.0,-1.04759185757,-1.01873496127,-1.04767534075,-1.0709999156,;
1.0,2.0,7.0,-0.980184781183,-1.01802041024,-1.08562638815,-0.943949800874,;
1.0,2.0,8.0,-0.96688484019,-0.914726562392,-0.988438805917,-0.908291932787,;
1.0,2.0,9.0,-1.01927546136,-0.897905021964,-0.996785831988,-0.939201332727,;
1.0,2.0,10.0,-0.922637767057,-0.945865869386,-0.964686043567,-0.88191089136,;
1.0,2.0,11.0,-0.692360743111,-0.765297002689,-0.775258100867,-0.701022994077,;
1.0,2.0,12.0,-0.594409727156,-0.651302399945,-0.683798470218,-0.693893727683,;
1.0,2.0,13.0,-0.668851404591,-0.689522851665,-1.44235574376,-0.687718996023,;
1.0,2.0,14.0,-0.71226568853,-0.705075849991,-0.669576237661,-0.642456503581,;
1.0,2.0,15.0,-0.99017462697,-2.4177287281,-0.868648088896,-0.874760717723,;
1.0,2.0,16.0,-1.51890091727,-1.53878451147,-1.51357331747,-1.53777587965,;
1.0,3.0,0.0,0.340878954634,0.147152,-1.424850496,0.290074919482,;
1.0,3.0,1.0,-0.985597725779,-0.93555051621,-1.27521680275,-1.01477816218,;
1.0,3.0,2.0,-1.03753868048,-1.02142877472,-1.00263292042,-1.01167157573,;
1.0,3.0,3.0,-0.972046111902,-0.989760401462,-0.956782488584,-0.987534009713,;
1.0,3.0,4.0,-0.976508329952,-0.771515359948,-0.941828370926,-0.81275066763,;
1.0,3.0,5.0,0.155342333087,0.122426184786,-1.3713456,-0.0108312062398,;
1.0,3.0,6.0,-0.91536601538,-0.958475123378,-1.37947028196,-0.864112710675,;
1.0,3.0,7.0,-1.11473908812,-1.3128861778,-1.10340030174,-1.0999348521,;
1.0,3.0,8.0,-0.988404948458,-0.972551472191,-1.03384494242,-0.979597246254,;
1.0,3.0,9.0,-0.941553516651,-0.935207121006,-1.00654462252,-0.960928018024,;
1.0,3.0,10.0,-1.00572822993,-0.946431147533,-0.923129773707,-1.02059399727,;
1.0,3.0,11.0,-1.36094334669,-1.36655004834,-1.38818075296,-1.48242140044,;
1.0,3.0,12.0,-1.4998524967,-1.43161742732,-1.48612913941,-2.09372510589,;
1.0,3.0,13.0,0.214695510304,0.248466288758,-0.4740336,0.019031897261,;
1.0,3.0,14.0,-0.78187693108,-1.02119260224,-1.12627218116,-0.753025327659,;
1.0,3.0,15.0,-0.854294830471,-0.771027232009,-0.792861026299,-0.850377351923,;
1.0,3.0,16.0,-3.32285780066,-1.50137372614,-1.56208583176,-1.55048795271,;
1.0,4.0,0.0,-0.381688,-0.2376,-2.838,-0.2063392,;
1.0,4.0,1.0,0.18020753363,-2.198104,-1.2748,0.28060753376,;
1.0,4.0,2.0,-0.821323581544,-1.29718597577,-1.2720237353,-1.0594440575,;
1.0,4.0,3.0,-0.9226050496,-0.913536114545,-0.929298208,-0.871663081448,;
1.0,4.0,4.0,-1.5375268713,0.483526563428,-0.354285696,0.191284883749,;
1.0,4.0,5.0,-0.5249377344,-0.514611474926,-1.02,-0.445032150004,;
1.0,4.0,6.0,0.197263360101,-1.57000072,-1.2935392,0.318437793911,;
1.0,4.0,7.0,-1.02053966502,-1.38203009472,-1.32305800158,-1.05246046249,;
1.0,4.0,8.0,-0.966408109456,-0.955197579723,-0.998477159165,-0.943294541105,;
1.0,4.0,9.0,-0.953188579977,-0.980102793163,-0.98329027492,-0.91175896361,;
1.0,4.0,10.0,-0.962512243808,-0.965329484235,-1.00561172693,-0.954553818912,;
1.0,4.0,11.0,-1.41456143833,-1.20018824662,-1.8299233972,-1.15068643296,;
1.0,4.0,12.0,-0.466873536,0.14886484996,-0.44038944,0.0550677644761,;
1.0,4.0,13.0,0.0341487488,-0.058506016,-1.02,0.02658848,;
1.0,4.0,14.0,0.0759299917855,-0.552198816,-0.554065056,0.115467051818,;
1.0,4.0,15.0,-0.869686128448,-1.65929440937,-1.0507871179,-0.867140441073,;
1.0,4.0,16.0,-1.57740941702,-1.51530295489,-1.56252539538,-1.54682605624,;
1.0,5.0,0.0,1.0,1.0,1.0,1.0,;
1.0,5.0,1.0,0.2624,-1.02,-0.1876,-0.226806336662,;
1.0,5.0,2.0,0.0434288,-1.275568,0.6353145088,0.600780532237,;
1.0,5.0,3.0,-0.448104,0.15656,0.434766112,0.436988652476,;
1.0,5.0,4.0,-2.838,0.137316224,0.12396992,0.25376,;
1.0,5.0,5.0,1.0,1.0,1.0,1.0,;
1.0,5.0,6.0,-0.310624,-1.02,-0.301984,0.24429056,;
1.0,5.0,7.0,0.208109880164,-0.335568,0.346241711608,0.150490173364,;
1.0,5.0,8.0,-0.82162858899,-0.939861605039,-0.804770504093,-0.846990324424,;
1.0,5.0,9.0,-0.933168950441,-0.896436003941,-2.23349810856,-0.907046301108,;
1.0,5.0,10.0,-2.64035197515,-0.847357104604,-0.836065235211,-0.773067784877,;
1.0,5.0,11.0,-1.42689744,0.0102037657351,0.0230139779486,-0.11895928015,;
1.0,5.0,12.0,-4.4742,0.126879929016,0.0259664,0.245216,;
1.0,5.0,13.0,1.0,1.0,1.0,1.0,;
1.0,5.0,14.0,0.0176790155879,-2.838,0.13084736,0.01055021312,;
1.0,5.0,15.0,0.225225306005,-0.53736912,-1.53995576452,0.291722434011,;
1.0,5.0,16.0,-1.58691136457,-1.60324853947,-1.6619404576,-1.62652593302,;
1.0,6.0,0.0,0.25293056,0.88,0.8704,-1.02,;
1.0,6.0,1.0,0.6464608,-0.228,0.64792,-0.1296,;
1.0,6.0,2.0,0.307756213274,0.155792,0.213968650816,0.147152,;
1.0,6.0,3.0,0.14792,0.255800395456,0.31156696,-0.408692416,;
1.0,6.0,4.0,-1.45912144,0.5357392,0.6386848,-0.3348,;
1.0,6.0,5.0,-0.3035392,-0.0430792,0.245216,-2.838,;
1.0,6.0,6.0,0.452060574761,-1.24344,0.43738358946,-1.2942304,;
1.0,6.0,7.0,-0.462272291941,-0.906767991552,-0.466579586757,-1.39438761403,;
1.0,6.0,8.0,-0.553058292137,-0.56144364246,-0.572792001393,-0.502882562645,;
1.0,6.0,9.0,-0.499944317615,-0.449076227758,-0.494750244852,-0.470139733494,;
1.0,6.0,10.0,-0.537364356595,-0.646915186658,-0.603623046645,-0.601735475753,;
1.0,6.0,11.0,-0.511340931328,-0.582390890166,-0.452051299396,-1.42630280365,;
1.0,6.0,12.0,-1.14119504,0.364082626472,0.49804820224,-0.351216,;
1.0,6.0,13.0,0.041376704,0.647152,0.12089165312,-2.838,;
1.0,6.0,14.0,0.459058767908,-0.4650384,0.228769369672,-0.363466056196,;
1.0,6.0,15.0,0.246969652572,-0.598828987634,0.259545111572,0.0337314943097,;
1.0,6.0,16.0,-0.284496076926,-0.346021342605,-0.375735501399,-0.399416060123,;
1.0,7.0,0.0,0.752992,-0.29344,0.75376,-0.2376,;
1.0,7.0,1.0,0.4173337792,0.1652,0.4435925696,0.2624,;
1.0,7.0,2.0,0.431322976,0.2785399216,0.361896688,0.290859424998,;
1.0,7.0,3.0,0.42431523712,0.332589868826,0.4249642048,0.39880311424,;
1.0,7.0,4.0,-0.5176105792,0.437484256,0.5357392,0.0356528,;
1.0,7.0,5.0,0.476082362005,0.5420464,0.491218671745,-0.4564848,;
1.0,7.0,6.0,-0.241130717491,-0.50293529728,-0.314242732393,-0.31658112,;
1.0,7.0,7.0,-0.411066202855,-0.409269765372,-0.376147316387,-0.39665511512,;
1.0,7.0,8.0,-0.50549755892,-0.432825941305,-2.38208622511,-0.433386877135,;
1.0,7.0,9.0,-0.348976594415,-0.411644442941,-0.429419705917,-0.365295678174,;
1.0,7.0,10.0,-0.447001962559,-0.481264750975,-0.469240355573,-0.426597294337,;
1.0,7.0,11.0,-0.435660830705,-0.4730357432,-0.397451404197,-0.396861291209,;
1.0,7.0,12.0,-1.00840648,-0.404310390548,-0.314664577105,-0.51309690496,;
1.0,7.0,13.0,0.432904275712,0.274887881225,0.389947523707,-0.45801504,;
1.0,7.0,14.0,-0.0302938779234,-0.533584886426,-0.0315715230991,-0.510192578567,;
1.0,7.0,15.0,-0.0408360351037,0.0432569957984,0.0534794176085,0.0892315817929,;
1.0,7.0,16.0,-0.462183478417,-0.552857331819,-0.624368186138,-0.523468515221,;
1.0,8.0,0.0,0.6748,0.7624,0.7532,0.2624,;
1.0,8.0,1.0,0.62975104,0.473932,0.67355712,0.6296896,;
1.0,8.0,2.0,0.524447093248,0.4513912,0.54336736,0.48647129344,;
1.0,8.0,3.0,0.399244680448,0.43261552,0.433749088,0.413976247552,;
1.0,8.0,4.0,0.277424227615,0.34498115008,0.31887049024,0.412349536,;
1.0,8.0,5.0,0.0324517146944,0.0926331535917,0.0143477168419,0.04336736,;
1.0,8.0,6.0,-0.166759633108,-0.163387312857,-0.180783298217,-0.104455284132,;
1.0,8.0,7.0,-0.339086754812,-0.286203919478,-0.278115538421,-0.373820558219,;
1.0,8.0,8.0,-0.449180401011,-0.40079603041,-0.382999806956,-0.469747069516,;
1.0,8.0,9.0,-0.580147259003,-0.555397579908,-0.551033544348,-1.17897060891,;
1.0,8.0,10.0,-0.35543770109,-0.417871527424,-0.42845441242,-0.384875366915,;
1.0,8.0,11.0,-0.417405411004,-0.393265670121,-1.83745405277,-0.39561894225,;
1.0,8.0,12.0,-0.251613019312,-0.307551218972,-0.297191834886,-0.255032222966,;
1.0,8.0,13.0,-0.168316818646,-0.210542148922,-0.131680146761,-0.612439518991,;
1.0,8.0,14.0,-0.160102931828,-0.104060316418,-0.123828375295,-0.0544107738165,;
1.0,8.0,15.0,-0.174957324045,-0.199842775985,-1.76765442288,-0.132615707006,;
1.0,8.0,16.0,-0.65662306725,-0.646200829581,-0.604794331415,-0.650446449727,;
1.0,9.0,0.0,0.88,0.88,2.862,0.88,;
1.0,9.0,1.0,0.772,0.88,1.80940400734,0.8704,;
1.0,9.0,2.0,0.6379936,0.60598942848,0.667358208,0.634532396032,;
1.0,9.0,3.0,0.534222784,0.443692,0.4407992,0.40980840832,;
1.0,9.0,4.0,0.406539003667,0.34666264,0.30258014272,0.4007722048,;
1.0,9.0,5.0,0.166887559009,0.0983903390022,0.100624714713,0.0985462206961,;
1.0,9.0,6.0,-0.0864548645709,-0.0873257868038,-0.0584571794478,-0.0106943861367,;
1.0,9.0,7.0,-0.349001061203,-0.248205451214,-1.3579783616,-0.315810831573,;
1.0,9.0,8.0,-0.447868146633,-0.407825861201,-1.5409413184,-0.398872896487,;
1.0,9.0,9.0,-0.349414238103,-0.351866935473,-0.419430770185,-0.454004918524,;
1.0,9.0,10.0,-0.326647804279,-0.312671931287,-0.362803770193,-1.97227398176,;
1.0,9.0,11.0,-0.166915280469,-0.21043084223,-0.211778433144,-0.236980688727,;
1.0,9.0,12.0,-0.187989441414,-0.185259684562,-0.217714769398,-0.158530458885,;
1.0,9.0,13.0,-0.0890534766175,-0.0889885649842,-0.2300391425,-0.168104323686,;
1.0,9.0,14.0,-0.0764263803388,0.0114167404043,-0.214882525003,-0.0559478606611,;
1.0,9.0,15.0,-0.0234547094647,0.0175329678846,-0.0193675973119,-0.0654144027193,;
1.0,9.0,16.0,-0.65051274654,-0.669077665262,-0.629118756718,-0.671838457303,;
1.0,10.0,0.0,1.0,1.0,1.0,1.0,;
1.0,10.0,1.0,0.88,7.0032792078,1.0,0.922923582221,;
1.0,10.0,2.0,0.7624,1.4820973424,0.74512,0.7624,;
1.0,10.0,3.0,0.515771103232,0.5002052544,0.551896,0.4106008,;
1.0,10.0,4.0,0.299858763345,0.2584513072,0.212427288087,-1.249361216,;
1.0,10.0,5.0,0.0849883592859,0.149873706032,0.229017009457,0.184874303281,;
1.0,10.0,6.0,0.0187173051962,0.0688909370694,-0.0016700672465,0.0782572189479,;
1.0,10.0,7.0,0.191278145915,0.0996594563386,0.0916133345977,0.16496779485,;
1.0,10.0,8.0,-0.020569696652,0.0395759765559,-0.0270793284278,0.010053053025,;
1.0,10.0,9.0,-0.230870827602,-0.240406953843,-0.204349340843,-0.235601608297,;
1.0,10.0,10.0,-0.140108907759,-0.238379406634,-0.222152409424,-0.13499363567,;
1.0,10.0,11.0,-0.159982384361,-0.231915905314,-0.205291986647,-0.206542136649,;
1.0,10.0,12.0,-0.148126215091,-0.172677410475,-0.198542607562,-0.19170387759,;
1.0,10.0,13.0,-0.159211391565,-0.185603450631,-0.298722665353,-0.23813906772,;
1.0,10.0,14.0,-0.179294173752,-0.214329733766,-0.223602233259,-0.159383732054,;
1.0,10.0,15.0,-0.172088700768,-0.201611373861,-0.0318053139845,-0.0632160346442,;
1.0,10.0,16.0,-0.739214976743,-0.766560571844,-0.743103996353,-0.741757120516,;
1.0,11.0,0.0,0.88,1.0,1.0,1.0,;
1.0,11.0,1.0,0.88,0.88,0.88,1.02896,;
1.0,11.0,2.0,0.646516864,0.772,0.7624,0.761632,;
1.0,11.0,3.0,0.5322272128,0.56908,0.52721056,0.524611648,;
1.0,11.0,4.0,0.302497755285,0.346183216,0.339471305344,0.3948822208,;
1.0,11.0,5.0,0.245678048284,0.32269651648,0.300370088111,0.300489862723,;
1.0,11.0,6.0,0.0109880668895,-0.893340067174,0.0925217193015,0.0091454813046,;
1.0,11.0,7.0,0.0543138843641,0.119502130049,0.171312298652,0.135364681841,;
1.0,11.0,8.0,-0.175918951143,-1.34346556064,-0.190786642655,-0.155834901047,;
1.0,11.0,9.0,-0.141149409812,-0.229341907678,-0.284037421636,-0.164275641829,;
1.0,11.0,10.0,-0.353524343593,-0.278824015333,-0.326882862823,-1.05985261475,;
1.0,11.0,11.0,-0.263701171769,-0.241375232935,-0.202889068976,-0.250323864344,;
1.0,11.0,12.0,-0.268702409309,-0.101744421926,-0.173260482323,-0.164188722088,;
1.0,11.0,13.0,-0.255555439632,-0.189929730105,-0.203811686322,-0.282298219368,;
1.0,11.0,14.0,-0.189334411653,-0.190119700931,-0.110266249798,-0.182986286464,;
1.0,11.0,15.0,-0.160243411578,-0.0877343418119,-0.101605554897,-0.146230618829,;
1.0,11.0,16.0,-0.807627492969,-0.743267652365,-0.715939900417,-0.775718654629,;
1.0,12.0,0.0,0.88,1.0,1.0,1.0,;
1.0,12.0,1.0,0.88,0.88,0.7624,0.88,;
1.0,12.0,2.0,0.655792,0.772,0.8704,0.7624,;
1.0,12.0,3.0,0.51834592,0.56908,0.5356528,0.6457696,;
1.0,12.0,4.0,0.41647087744,0.44847856,0.425135008,0.40088169088,;
1.0,12.0,5.0,0.282154672553,0.3440333152,0.305926904858,0.245240764187,;
1.0,12.0,6.0,0.201216691786,0.158068004263,0.194492155594,0.0960484051442,;
1.0,12.0,7.0,0.0655554920671,-1.89468722963,0.0835110387136,0.124962298595,;
1.0,12.0,8.0,-0.12543009702,-0.121770612432,-0.115160588447,-0.0977465359007,;
1.0,12.0,9.0,-0.232910371506,-0.207359167615,-0.200892257959,-0.176108475573,;
1.0,12.0,10.0,-0.281416485059,-0.31759176643,-2.08498004433,-0.238584473929,;
1.0,12.0,11.0,-1.23773363546,-0.35418978012,-0.266236911859,-0.192895520376,;
1.0,12.0,12.0,-0.0443938494288,-0.119424597693,-0.0172220101059,-0.0950586397592,;
1.0,12.0,13.0,-0.0849944519822,-0.12886349952,-0.0841593506504,-0.189185186844,;
1.0,12.0,14.0,0.00971547841246,-0.160976372116,0.00822193053985,-0.0950140894252,;
1.0,12.0,15.0,-0.0391325056167,0.0259576272229,0.0443198049082,0.00150613502397,;
1.0,12.0,16.0,-0.797601521631,-0.733879804359,-0.740940024243,-0.806956095476,;
1.0,13.0,0.0,0.88,1.0,3.18,1.0,;
1.0,13.0,1.0,0.7624,0.772,1.244624,0.88,;
1.0,13.0,2.0,0.647152,0.65656,0.8704,0.88,;
1.0,13.0,3.0,0.647152,0.56908,0.647152,0.64709056,;
1.0,13.0,4.0,0.508437471232,0.54412,0.52721056,0.509218574848,;
1.0,13.0,5.0,0.299351398564,-1.231688,0.22926373159,0.325995779968,;
1.0,13.0,6.0,0.202949298508,0.159203096904,0.210761002516,0.125649923956,;
1.0,13.0,7.0,0.0600346952473,0.0640926368163,0.109637447919,0.114423853521,;
1.0,13.0,8.0,-0.0354051980741,-0.116146393928,-0.0859564817124,-0.0999505499362,;
1.0,13.0,9.0,-0.108692976707,-0.1239792058,-0.085243720933,-0.103105817167,;
1.0,13.0,10.0,-0.109875143252,-0.151053985532,-0.0922294224311,-0.0950196807838,;
1.0,13.0,11.0,-0.091657742719,-0.167943644492,-0.115967295128,-0.133688121002,;
1.0,13.0,12.0,-0.0784652547854,-0.0635351447863,-0.0194543406606,-0.0821270864636,;
1.0,13.0,13.0,0.0395823141485,-0.0776677174464,-0.0255081861158,-0.00437005133125,;
1.0,13.0,14.0,0.0274104197909,0.0218842516999,0.0882420312799,-0.00912241025046,;
1.0,13.0,15.0,0.0404773136351,0.0961287231064,0.118272101643,0.0661788140062,;
1.0,13.0,16.0,-0.743894082262,-0.743894082262,-0.73219899316,-0.715099962937,;
1.0,14.0,0.0,1.0,1.0,1.0,1.0,;
1.0,14.0,1.0,0.88,9.927318,1.0,0.88,;
1.0,14.0,2.0,0.7624,1.6265696,0.88,0.88,;
1.0,14.0,3.0,0.65656,0.574392,0.6464608,0.7624,;
1.0,14.0,4.0,0.525073984,0.56044,0.53559136,0.430588623002,;
1.0,14.0,5.0,0.3047538446,0.341607472,0.4104459712,0.41610758272,;
1.0,14.0,6.0,0.221198094845,0.233508027328,-1.66775219551,0.183130839905,;
1.0,14.0,7.0,0.0101489774945,0.123725778566,-1.74789792046,0.221979403714,;
1.0,14.0,8.0,-0.00489108871028,-0.0178830729499,0.00541642392289,-0.095177280614,;
1.0,14.0,9.0,-0.00656393244434,-0.0648670623126,-0.00664740705836,0.0139206310835,;
1.0,14.0,10.0,-0.0172502344146,0.0182220220286,-0.0833625778628,-0.11860399879,;
1.0,14.0,11.0,-0.0923994471854,-0.0846302810148,0.0023233651726,-0.0205027750828,;
1.0,14.0,12.0,-0.0078413998276,-0.0590996414846,-0.00598611896759,-0.0763189558998,;
1.0,14.0,13.0,0.00910917381921,-0.0755714172866,-0.00208953129658,0.0882423835812,;
1.0,14.0,14.0,0.0995892898516,0.135061510197,0.181409279235,0.00611168474413,;
1.0,14.0,15.0,-0.00931088795184,-1.8027374205,-2.02394880885,-0.0889975985822,;
1.0,14.0,16.0,-0.452987618385,-0.466106372231,-0.439106614792,-0.488491374641,;
1.0,15.0,0.0,0.88,1.0,1.0,1.0,;
1.0,15.0,1.0,0.88,0.88,0.88,0.88,;
1.0,15.0,2.0,0.761632,0.772,0.761632,0.7850496,;
1.0,15.0,3.0,0.63015616,0.56908,0.640144,0.639376,;
1.0,15.0,4.0,0.64709056,0.45567664,0.5434288,0.53420896,;
1.0,15.0,5.0,0.4191477568,0.4408531648,0.51902944,0.525289024,;
1.0,15.0,6.0,0.302723401108,0.3685947616,0.3979006144,0.329454613888,;
1.0,15.0,7.0,0.30631339625,0.245768189147,0.240151212736,0.289638673178,;
1.0,15.0,8.0,0.175310869993,0.143889516425,0.117271300864,-0.000768858897807,;
1.0,15.0,9.0,0.0788554947433,0.0703121433107,-0.0444960017995,0.00250996115406,;
1.0,15.0,10.0,-0.00920217361724,0.0295910389015,0.0935332313773,0.00671065164235,;
1.0,15.0,11.0,-0.00762334276939,0.0394372785951,-0.0241017736002,0.0111761919076,;
1.0,15.0,12.0,-0.0008439229762,0.0539054280338,0.00567309604688,0.0973267671282,;
1.0,15.0,13.0,0.00560741905433,0.101840018748,0.00983997881723,-0.0704537418939,;
1.0,15.0,14.0,0.00886837389055,0.0329512586396,0.0870375853947,0.101510200089,;
1.0,15.0,15.0,-0.0273456948315,0.0155047816286,0.0229237528899,-0.00970281938131,;
1.0,15.0,16.0,-1.14014707322,-1.00272818821,-1.21392662611,-2.23997561866,;
1.0,16.0,0.0,0.88,1.0,1.0,1.0,;
1.0,16.0,1.0,0.88,0.88,0.916398886813,0.88,;
1.0,16.0,2.0,0.772,0.772,0.7624,0.75376,;
1.0,16.0,3.0,0.647152,0.6652,0.6652,0.6386848,;
1.0,16.0,4.0,0.5426159488,0.4646968,0.638031874171,0.63793216,;
1.0,16.0,5.0,0.416722792745,0.458113523489,0.533531584,0.52602784,;
1.0,16.0,6.0,0.423812700928,0.35471172544,0.335428067387,0.412277366426,;
1.0,16.0,7.0,0.186759009065,0.247378843072,0.323157291136,0.328311252352,;
1.0,16.0,8.0,0.0711738271776,0.133334000577,0.145351758039,0.072023471788,;
1.0,16.0,9.0,0.0844923390041,-0.0292129295112,0.0357865610777,0.102048859564,;
1.0,16.0,10.0,0.11436238703,0.0329026716474,-0.00935476088012,0.0904526011413,;
1.0,16.0,11.0,-0.014399835515,0.0515883326481,-0.124274984666,-0.00376998223581,;
1.0,16.0,12.0,0.0206422200331,-0.0605904012605,-0.110089933554,-1.92897893786,;
1.0,16.0,13.0,0.00991599397452,0.0193850196709,0.028180591278,1.07454749342e-05,;
1.0,16.0,14.0,0.011334527776,0.000724864989629,-1.71955074553,0.0926798282765,;
1.0,16.0,15.0,-0.0128655463732,0.0405001152992,0.0691496671917,0.117077865643,;
1.0,16.0,16.0,-1.22363545129,-1.23750446513,-1.97671526685,-1.2698234255,;
1.0,17.0,0.0,1.0,1.0,1.0,1.0,;
1.0,17.0,1.0,0.88,1.0,2.09939388596,1.0,;
1.0,17.0,2.0,0.65656,0.772,0.875616,0.88,;
1.0,17.0,3.0,0.647152,0.7624,0.717241982464,0.752992,;
1.0,17.0,4.0,0.533531584,0.647152,0.523973258066,0.647152,;
1.0,17.0,5.0,0.522621517312,0.5434288,0.6198074368,0.6294047488,;
1.0,17.0,6.0,0.31295385612,0.456213088,0.33010349676,0.431290008525,;
1.0,17.0,7.0,0.223808999655,0.33904844224,0.30104971696,0.290675937664,;
1.0,17.0,8.0,0.179328091554,0.227458123763,0.162912235522,0.161330240056,;
1.0,17.0,9.0,0.0494399491418,0.0727245083009,-0.0828405383714,0.0844293098637,;
1.0,17.0,10.0,-1.76286155526,-0.0191967893645,-0.113449478875,0.0176308212183,;
1.0,17.0,11.0,-0.0543638207771,-0.116493960573,-1.0376,-0.0937575507117,;
1.0,17.0,12.0,-0.159391819268,-0.0936866120161,-0.028255559081,-0.102251909967,;
1.0,17.0,13.0,-0.0725424824115,-0.024271386656,-0.127065236458,0.00590875634318,;
1.0,17.0,14.0,0.0244761145129,0.00394582525574,0.0198424615697,-0.0134309113416,;
1.0,17.0,15.0,0.0456967409518,0.0323223097659,0.0262263891605,0.121280967129,;
1.0,17.0,16.0,0.120892098031,0.0563426432611,-0.0339485533551,0.0575641021788,;
1.0,18.0,0.0,1.75572785419,0.90662272,1.0,7.75164906377,;
1.0,18.0,1.0,0.88,14.7859634988,2.18889568,1.0,;
1.0,18.0,2.0,0.6130424,3.31102859179,0.88,0.6652,;
1.0,18.0,3.0,0.287602308208,0.418552168065,0.216780287219,0.315054285184,;
1.0,18.0,4.0,-1.12,-0.0509167047967,0.00959456030871,0.0133517371412,;
1.0,18.0,5.0,0.275912505272,0.247135546179,0.323186184064,0.315054285184,;
1.0,18.0,6.0,-0.0390638053815,0.110049693393,0.00292429741311,-0.0801296448462,;
1.0,18.0,7.0,-0.147694417772,-0.0360396832977,-0.0925632212827,-0.0809284727112,;
1.0,18.0,8.0,-0.190729996634,-0.094923566943,-0.0885101882865,-0.120062472586,;
1.0,18.0,9.0,-0.823853058167,-1.08071162332,-0.744069402916,-0.768534800257,;
1.0,18.0,10.0,-0.76540772553,-0.750130381733,-0.743910070224,-0.69955032418,;
1.0,18.0,11.0,-0.644713071073,-0.636124740881,-0.568585384128,-0.580772295208,;
1.0,18.0,12.0,-0.590110933427,-0.543323859206,-0.546829514153,-0.531337752143,;
1.0,18.0,13.0,-0.618074178273,-0.645669252509,-0.562943355362,-0.585181199133,;
1.0,18.0,14.0,-0.650232079373,-0.673250470253,-0.636619721268,-0.625917815103,;
1.0,18.0,15.0,-0.773905755149,-0.704666891488,-0.634340831948,-0.657523534921,;
1.0,18.0,16.0,-1.57779622648,-1.51604249194,-1.58827003789,-1.61757987851,;
2.0,0.0,0.0,-0.857999731976,-0.924642510419,-0.826005772317,-0.888293207202,;
2.0,0.0,1.0,-1.04368901457,-0.912037391409,-0.986680756862,-0.925847646114,;
2.0,0.0,2.0,-1.08406533154,-1.06132246394,-1.13308915077,-1.10103135723,;
2.0,0.0,3.0,-1.12442084911,-1.16313617922,-1.11885831184,-1.23193305836,;
2.0,0.0,4.0,-1.37888395596,-1.19187305192,-1.23538626793,-1.2231263467,;
2.0,0.0,5.0,-1.71118938069,-1.43739347672,-1.43490140816,-1.40911138774,;
2.0,0.0,6.0,-1.52239185882,-1.67561722682,-1.58700934739,-1.57818623452,;
2.0,0.0,7.0,-1.56551043586,-1.60268244157,-1.70629568841,-1.59439063127,;
2.0,0.0,8.0,-1.7590063231,-1.70355461443,-1.74610851182,-1.72808557663,;
2.0,0.0,9.0,-1.88350699043,-1.90539282634,-1.9106933766,-1.90755016888,;
2.0,0.0,10.0,-1.94558291156,-2.05354551866,-1.91749589131,-2.0118601789,;
2.0,0.0,11.0,-2.13043286673,-2.11134668664,-2.04890921621,-2.10652074636,;
2.0,0.0,12.0,-2.15614281799,-2.21675529961,-2.13928290162,-2.15694503184,;
2.0,0.0,13.0,-2.21874223494,-2.21083296272,-2.18597535596,-2.18365663364,;
2.0,0.0,14.0,-2.30062432384,-2.29883968555,-2.3492389368,-2.30001999067,;
2.0,0.0,15.0,-2.41892185196,-2.32258746042,-2.39476286356,-2.36592454931,;
2.0,0.0,16.0,-2.698341593,-2.68547527503,-2.76310077872,-2.69122089014,;
2.0,1.0,0.0,-1.0037888514,-0.930251499517,-1.04394496493,-1.14577770163,;
2.0,1.0,1.0,-1.09585981008,-1.06609383932,-1.01409475409,-1.02337138935,;
2.0,1.0,2.0,-1.11673998923,-1.13312499882,-1.1478382758,-1.11480461392,;
2.0,1.0,3.0,-1.10544589576,-1.20244534845,-1.16781318077,-1.1187200119,;
2.0,1.0,4.0,-1.44773233259,-1.2163489904,-1.25646499603,-1.19588407958,;
2.0,1.0,5.0,-1.53188028728,-1.47167819556,-1.4608991156,-1.5209354915,;
2.0,1.0,6.0,-1.47613525622,-1.66464245421,-1.46532071061,-1.59517012963,;
2.0,1.0,7.0,-1.68346126838,-1.6009623236,-1.64935640666,-1.64754413179,;
2.0,1.0,8.0,-1.70299276764,-1.73119037249,-1.81183189965,-1.69335318313,;
2.0,1.0,9.0,-1.82284957772,-1.801431983,-1.81910046831,-1.86982389002,;
2.0,1.0,10.0,-2.02253169454,-1.87734864968,-1.93796491278,-1.91881374981,;
2.0,1.0,11.0,-1.99720310922,-2.00959138479,-1.98047625542,-2.13103354759,;
2.0,1.0,12.0,-2.11975512394,-2.01787044799,-2.06226436772,-2.18199999079,;
2.0,1.0,13.0,-2.26541955242,-2.14284451764,-2.28320479403,-2.2352587641,;
2.0,1.0,14.0,-2.39691382296,-2.30163056041,-2.31257517463,-2.33611093823,;
2.0,1.0,15.0,-2.66694215035,-2.35558891352,-2.39728019689,-2.38526789425,;
2.0,1.0,16.0,-2.74880697407,-2.72834374823,-2.73529668156,-2.75256772874,;
2.0,2.0,0.0,-1.07412870932,-0.9024204061,-2.03958208387,-0.980590238096,;
2.0,2.0,1.0,-1.08358560074,-1.04872823253,-0.986278154584,-1.09534270925,;
2.0,2.0,2.0,-1.11614340135,-1.08862708903,-1.11528591992,-1.08096924026,;
2.0,2.0,3.0,-1.13214744317,-1.15388727814,-1.10874124935,-1.16953188264,;
2.0,2.0,4.0,-1.26404067303,-1.23537361168,-1.26394850251,-1.23163339697,;
2.0,2.0,5.0,-1.41775149582,-1.39633591756,-3.6761130529,-1.43223312835,;
2.0,2.0,6.0,-1.59936751194,-1.59561920991,-1.58309953143,-1.56776440989,;
2.0,2.0,7.0,-1.741835107,-1.73073246036,-1.72670699949,-1.67696269657,;
2.0,2.0,8.0,-1.85733359044,-1.81832900103,-1.73549932207,-1.76165942654,;
2.0,2.0,9.0,-1.93729819162,-1.85391404672,-1.83383502129,-1.79948956372,;
2.0,2.0,10.0,-1.97405172654,-1.95584675601,-1.9895068341,-1.9742734281,;
2.0,2.0,11.0,-2.0769506874,-2.03032155072,-2.12222957781,-2.01706434882,;
2.0,2.0,12.0,-2.24937576685,-2.1107676348,-2.10843334155,-2.0677919728,;
2.0,2.0,13.0,-2.28715938433,-2.23929726775,-5.24591689278,-2.27991641556,;
2.0,2.0,14.0,-2.29136021054,-2.31248476326,-2.30806941712,-2.35627833552,;
2.0,2.0,15.0,-2.30368492953,-2.33096137589,-2.32325305324,-2.39760966128,;
2.0,2.0,16.0,-2.70628456631,-2.71027399448,-2.76680858557,-2.7514144156,;
2.0,3.0,0.0,-0.0650397348791,-0.625642343318,-1.551400272,-0.0227297748896,;
2.0,3.0,1.0,-1.09611157818,-1.03684517765,-1.09765311526,-1.04206752478,;
2.0,3.0,2.0,-1.13714530207,-1.04287201068,-1.06538768117,-1.06644694135,;
2.0,3.0,3.0,-1.04916303055,-1.1479287913,-1.03071743446,-1.08498695556,;
2.0,3.0,4.0,-3.01457336803,-1.15445974642,-2.33840191145,-1.16106180008,;
2.0,3.0,5.0,-0.635139720852,-0.699880780003,-1.79049662328,-0.684680922158,;
2.0,3.0,6.0,-1.64735724788,-2.60174714602,-4.41487709141,-1.68881655609,;
2.0,3.0,7.0,-1.64209140361,-1.64904611066,-1.738074145,-1.80700602862,;
2.0,3.0,8.0,-1.7630985909,-1.71332542395,-1.75293848973,-1.72967840573,;
2.0,3.0,9.0,-2.07481162895,-1.83696559786,-1.79852712788,-1.81926246788,;
2.0,3.0,10.0,-2.12954698106,-2.01398922408,-2.04304893915,-1.99166932798,;
2.0,3.0,11.0,-2.06550839949,-2.08240054005,-2.03910841111,-2.15790115047,;
2.0,3.0,12.0,-4.09236674338,-2.11484568115,-4.25192823396,-2.12913434572,;
2.0,3.0,13.0,-1.61576034156,-1.39301941209,-6.75960636788,-1.55536474253,;
2.0,3.0,14.0,-2.36776722872,-5.18869634573,-5.10323728961,-2.27771919447,;
2.0,3.0,15.0,-2.52367205889,-2.41380751428,-2.39501831235,-2.36873816791,;
2.0,3.0,16.0,-2.80831022632,-2.80060855189,-2.76370788357,-2.73774692824,;
2.0,4.0,0.0,-0.537118862875,-0.46579104,-1.02,-0.627162015638,;
2.0,4.0,1.0,0.216623311464,-1.54519626816,-0.473840832,0.0638078708523,;
2.0,4.0,2.0,-0.966982399257,-1.59933088969,-1.98732935347,-0.945591961407,;
2.0,4.0,3.0,-2.14772652252,-0.874946467366,-2.0777558288,-0.949898667408,;
2.0,4.0,4.0,-2.54000508684,-0.0582832142948,-2.61836830538,-0.207600548637,;
2.0,4.0,5.0,-0.819335907458,-0.804561032241,-4.4742,-0.710775195258,;
2.0,4.0,6.0,-1.06474628889,-1.87254626064,-3.70619803868,-1.1446889465,;
2.0,4.0,7.0,-1.66864692757,-4.3889233184,-4.08817437524,-1.74897659545,;
2.0,4.0,8.0,-1.82513212908,-1.75164912279,-1.75705841554,-1.77464910011,;
2.0,4.0,9.0,-1.9308677432,-1.86958406201,-1.79377981415,-1.87524043099,;
2.0,4.0,10.0,-2.02982331341,-1.96452304709,-1.95988023241,-2.01308982979,;
2.0,4.0,11.0,-5.14021588139,-2.03646096812,-4.258362459,-2.0247808174,;
2.0,4.0,12.0,-6.36958914153,-1.54041824015,-5.92335790586,-1.46903948084,;
2.0,4.0,13.0,-3.44705152726,-3.15612229859,-12.861025959,-3.2613167091,;
2.0,4.0,14.0,-1.75917884373,-5.87872104492,-2.545314384,-1.84263607136,;
2.0,4.0,15.0,-2.45060414278,-4.81536720357,-5.43807246248,-2.44853350252,;
2.0,4.0,16.0,-2.73237788232,-2.71850392907,-2.73786401578,-2.75385473673,;
2.0,5.0,0.0,1.0,1.0,1.0,1.0,;
2.0,5.0,1.0,0.146461568,-7.272102,-0.06191536,0.1466336,;
2.0,5.0,2.0,-0.557363675392,-2.51249458,0.323971408,0.265841938705,;
2.0,5.0,3.0,-2.62247949775,-0.625385233208,0.148573038193,-0.179759132785,;
2.0,5.0,4.0,-4.4742,-0.715338083392,-1.63949334937,-0.664990310662,;
2.0,5.0,5.0,1.0,1.0,1.0,1.0,;
2.0,5.0,6.0,-1.97607423783,-10.504562358,-1.82335660262,-1.39793917952,;
2.0,5.0,7.0,-1.18285483331,-5.40656582495,-1.0793982199,-1.16467858772,;
2.0,5.0,8.0,-1.76588613687,-4.67454757557,-1.89044730053,-1.79838861315,;
2.0,5.0,9.0,-1.82542483023,-1.8522007585,-1.83845614311,-1.86900090472,;
2.0,5.0,10.0,-5.52960695715,-1.8713896174,-1.91492713089,-1.90613076113,;
2.0,5.0,11.0,-6.02948404066,-1.42153504964,-1.48957538753,-1.5321662119,;
2.0,5.0,12.0,-11.3741061222,-3.18601796198,-3.55199829799,-3.50781927747,;
2.0,5.0,13.0,1.0,1.0,1.0,1.0,;
2.0,5.0,14.0,-2.5933824804,-12.15669551,-2.54999319208,-2.60529901925,;
2.0,5.0,15.0,-1.81669873178,-6.65639823295,-1.85771167935,-1.92625233273,;
2.0,5.0,16.0,-2.73228035361,-4.79083109785,-2.79059333056,-2.70669322071,;
2.0,6.0,0.0,0.127166728678,-0.2376,-0.318701056,-1.02,;
2.0,6.0,1.0,0.210397402981,-0.42228,0.388997915434,-0.4621104,;
2.0,6.0,2.0,-0.12006892248,-1.14403958892,-0.0335368427384,-0.154040658765,;
2.0,6.0,3.0,-0.643250334174,-0.311579104463,-0.237627819625,-1.27981157034,;
2.0,6.0,4.0,-2.7347987708,0.0137505366452,0.0611011929606,-1.89926737923,;
2.0,6.0,5.0,-1.38606132345,-0.963359803405,-1.29771846687,-1.02,;
2.0,6.0,6.0,-0.696809038896,-1.92714797897,-0.625153320209,-2.04152684214,;
2.0,6.0,7.0,-1.66809823972,-2.45172540747,-1.64598425132,-4.45665228334,;
2.0,6.0,8.0,-1.73074670187,-1.74866566167,-1.79205143272,-1.83215220566,;
2.0,6.0,9.0,-1.84864771117,-1.78864353411,-1.84649110123,-1.95541519194,;
2.0,6.0,10.0,-2.06125974581,-1.9152510086,-2.04866700571,-1.96814148953,;
2.0,6.0,11.0,-6.09228672415,-2.11095678006,-2.21843591658,-4.38800748975,;
2.0,6.0,12.0,-6.19293880411,-1.6869552629,-1.64010244376,-8.19195840234,;
2.0,6.0,13.0,-4.01049958734,-3.99134903309,-4.17655695192,-10.504562358,;
2.0,6.0,14.0,-1.67069270696,-8.42399235386,-1.72632518181,-4.45565163307,;
2.0,6.0,15.0,-2.46567151897,-4.77783391319,-2.48156769134,-5.77380309678,;
2.0,6.0,16.0,-2.76942346784,-2.77540856846,-2.79576179085,-2.79369705902,;
2.0,7.0,0.0,0.500738164643,-0.836292789802,0.525800673792,-1.252848,;
2.0,7.0,1.0,0.2512221191,-0.985883589802,0.355139793077,0.0519728,;
2.0,7.0,2.0,0.0395877865497,0.0359572745289,-0.0791356177265,0.093320730443,;
2.0,7.0,3.0,-0.316915302173,-0.281225982997,-0.31446552008,-0.320895623217,;
2.0,7.0,4.0,-1.30871913445,-0.540219106772,-0.527769827987,-1.78206784527,;
2.0,7.0,5.0,-0.356609181346,-0.416828038591,-0.676076066516,-2.76100388353,;
2.0,7.0,6.0,-1.4000377881,-3.66637700223,-1.29958205525,-2.08379506842,;
2.0,7.0,7.0,-1.6135711909,-1.58403665812,-1.62911189689,-1.62785331479,;
2.0,7.0,8.0,-1.80566210383,-1.79378595104,-1.74637915491,-1.71885898996,;
2.0,7.0,9.0,-1.89183457733,-1.90715840221,-1.8655973265,-1.90240816447,;
2.0,7.0,10.0,-1.9688983796,-2.0219846986,-2.02486118386,-2.05836657159,;
2.0,7.0,11.0,-2.2776656631,-2.09652172431,-2.18006304187,-2.32384207984,;
2.0,7.0,12.0,-5.17777197144,-2.3247160495,-2.35283445906,-3.70588071779,;
2.0,7.0,13.0,-2.01042211918,-2.03523152337,-2.05808250283,-8.12911316565,;
2.0,7.0,14.0,-2.48513394096,-6.05374285503,-2.4831823642,-5.28941378745,;
2.0,7.0,15.0,-2.7271441312,-2.44545780039,-2.55811069248,-2.51418229344,;
2.0,7.0,16.0,-2.79228059883,-2.76754629424,-2.89059665243,-2.76933425942,;
2.0,8.0,0.0,0.729987342777,0.622573615872,1.3474656224,-0.3263177472,;
2.0,8.0,1.0,0.310991259168,0.499714408397,2.15375238964,0.410003264425,;
2.0,8.0,2.0,0.0144474870099,0.194261554124,0.640928597229,0.105766231075,;
2.0,8.0,3.0,-0.353411179236,-0.313156257484,-0.309336230614,-0.41977176379,;
2.0,8.0,4.0,-0.863328154386,-0.691868010726,-0.703079286771,-0.629397514631,;
2.0,8.0,5.0,-1.13877604562,-1.09467834031,-1.13348424646,-2.81422836052,;
2.0,8.0,6.0,-1.33431378922,-1.36071829985,-1.42111173289,-1.31647780917,;
2.0,8.0,7.0,-1.75199522889,-1.62837050069,-1.58084898744,-1.56434149729,;
2.0,8.0,8.0,-1.72739659838,-1.84586905918,-1.84095482633,-1.74223546837,;
2.0,8.0,9.0,-1.93225678061,-1.92424330285,-1.89206696924,-1.88204454651,;
2.0,8.0,10.0,-2.15363428567,-2.04020702551,-2.08717537421,-2.03717347148,;
2.0,8.0,11.0,-2.40315798554,-2.14820514628,-2.19692000578,-2.32455936271,;
2.0,8.0,12.0,-2.41638102236,-2.39027404765,-2.33714747271,-2.35613732935,;
2.0,8.0,13.0,-2.51093311784,-2.49606612845,-2.48983506487,-5.92829331123,;
2.0,8.0,14.0,-2.49968432545,-2.58185409069,-2.48791760617,-2.51668244124,;
2.0,8.0,15.0,-2.65063859466,-2.57731712009,-2.56265826017,-2.55821475245,;
2.0,8.0,16.0,-2.83829142153,-2.81706003332,-2.86566051326,-2.84643132882,;
2.0,9.0,0.0,0.783450915366,0.88,5.5918782,0.884360448,;
2.0,9.0,1.0,0.796386563308,0.99585584,5.83881936861,0.560575790487,;
2.0,9.0,2.0,-0.106132920634,1.51745218169,3.9990924696,0.0883896959166,;
2.0,9.0,3.0,-0.235407418986,0.888665327827,0.250045812871,-0.499926809475,;
2.0,9.0,4.0,-0.661510928987,-0.505880641621,-0.519639275508,-0.692498535264,;
2.0,9.0,5.0,-1.09524277216,-1.04151859031,-1.12260983353,-1.02214381159,;
2.0,9.0,6.0,-1.38324150477,-1.36976992714,-1.39672897795,-1.32712445116,;
2.0,9.0,7.0,-1.62507344296,-1.60710289094,-1.6123553293,-1.56204585713,;
2.0,9.0,8.0,-1.81746375606,-1.77509490771,-1.80979673573,-1.80267136256,;
2.0,9.0,9.0,-2.03250319344,-1.92015391353,-1.98895015985,-1.96592550541,;
2.0,9.0,10.0,-2.08587572876,-2.13736974227,-2.12297291839,-2.16299289239,;
2.0,9.0,11.0,-2.26171526429,-2.22138820709,-2.21640080354,-2.23742908827,;
2.0,9.0,12.0,-2.45867696567,-2.36273279151,-2.380471361,-2.36338345383,;
2.0,9.0,13.0,-2.56527891435,-2.51177247565,-2.51360844266,-2.52977484826,;
2.0,9.0,14.0,-2.5678808045,-2.56028671131,-2.54784011285,-2.51302355226,;
2.0,9.0,15.0,-2.67301177207,-2.5959199983,-2.63830679141,-2.60407588491,;
2.0,9.0,16.0,-2.8331522649,-2.85741350687,-2.83080530722,-2.94188679457,;
2.0,10.0,0.0,1.0,1.0,1.0,1.0,;
2.0,10.0,1.0,2.23979724858,10.7668623592,1.10760946307,1.23149489528,;
2.0,10.0,2.0,0.582070919426,7.44106980984,0.374668057836,0.941975515776,;
2.0,10.0,3.0,-0.052949829432,3.62970784654,-0.255640131259,-0.0732508736424,;
2.0,10.0,4.0,-0.661412321408,0.604859268758,-0.5977106914,-0.56291609903,;
2.0,10.0,5.0,-1.33678010937,-0.746080581849,-0.880783972712,-1.09433657092,;
2.0,10.0,6.0,-1.55919482512,-1.33903741283,-1.44314409167,-1.29636044259,;
2.0,10.0,7.0,-1.70855270846,-1.6379531405,-1.66401587128,-1.6662951126,;
2.0,10.0,8.0,-1.98729838061,-1.80533163636,-1.86398282984,-1.82413616161,;
2.0,10.0,9.0,-2.05935892348,-2.03776986951,-2.04737046664,-2.01192903177,;
2.0,10.0,10.0,-2.13025787,-2.15184307282,-2.11185848407,-2.18861086033,;
2.0,10.0,11.0,-2.32286988976,-2.25970481396,-2.22756463076,-2.26638833192,;
2.0,10.0,12.0,-2.41981895426,-2.40715164125,-2.3938292297,-2.39550511654,;
2.0,10.0,13.0,-2.48524185609,-2.48679597151,-2.52064937116,-2.58161469141,;
2.0,10.0,14.0,-2.55484973513,-2.57719213001,-2.59381597515,-2.54246384213,;
2.0,10.0,15.0,-2.63437641599,-2.61699900595,-2.60351713794,-2.68689937991,;
2.0,10.0,16.0,-2.8767127493,-2.9018198251,-2.91811748212,-2.901101166,;
2.0,11.0,0.0,0.7624,0.88,0.884352,1.98,;
2.0,11.0,1.0,0.677083616294,0.6748,0.53490016,3.93699888265,;
2.0,11.0,2.0,0.279043866031,0.492711264,0.44230192,2.97496757856,;
2.0,11.0,3.0,-0.460703273023,0.251228773708,-0.300017566043,0.0152790613951,;
2.0,11.0,4.0,-0.788732738125,-0.604776706414,-0.610238679805,-0.602385350181,;
2.0,11.0,5.0,-1.04651076106,-0.987748197563,-1.03525145595,-0.992801318838,;
2.0,11.0,6.0,-1.42161708274,-1.34175275318,-1.38971956604,-1.36814038173,;
2.0,11.0,7.0,-1.58932790239,-1.62930284809,-1.69684380436,-1.723675348,;
2.0,11.0,8.0,-1.8517924995,-1.8346766269,-1.82776235461,-1.86598781853,;
2.0,11.0,9.0,-2.10559700394,-2.02301701082,-2.07938644631,-2.02898148052,;
2.0,11.0,10.0,-2.21865263584,-2.20890844254,-2.16112990879,-2.1685863796,;
2.0,11.0,11.0,-2.37785641795,-2.31553475283,-2.21004112901,-2.30650580034,;
2.0,11.0,12.0,-2.54642163955,-2.39550190197,-2.40951123611,-2.41840592283,;
2.0,11.0,13.0,-2.51236959304,-2.55482298128,-2.54411112841,-2.56615510793,;
2.0,11.0,14.0,-2.6157127436,-2.57676637658,-2.58527573766,-2.55496622485,;
2.0,11.0,15.0,-2.62284665542,-2.58932431216,-2.634462431,-2.60439768432,;
2.0,11.0,16.0,-3.04469840851,-2.96891217144,-2.98312804751,-2.98564733628,;
2.0,12.0,0.0,0.5356528,0.6830688,1.10336,0.88,;
2.0,12.0,1.0,0.376520815899,0.4499148,0.596431488,0.595774819396,;
2.0,12.0,2.0,0.286201328151,0.19151156783,2.36459815502,0.323913573251,;
2.0,12.0,3.0,-0.311341495857,-0.0460675100381,-0.153089090058,-0.126938973843,;
2.0,12.0,4.0,-0.756643934652,-0.654337165337,-0.652918687152,-0.646150434128,;
2.0,12.0,5.0,-1.24278807221,-1.07938833809,-1.06962317272,-1.04000011138,;
2.0,12.0,6.0,-1.46903275922,-1.38552094278,-1.38620060592,-1.40544362066,;
2.0,12.0,7.0,-1.64574532779,-1.62053494221,-1.7727234806,-1.65290057798,;
2.0,12.0,8.0,-1.95803039793,-1.78093172426,-1.85658646509,-1.85645440481,;
2.0,12.0,9.0,-2.05711677489,-2.06060369425,-2.10451047465,-2.07578299438,;
2.0,12.0,10.0,-2.21459114872,-2.15797357324,-2.19454631841,-2.20547887044,;
2.0,12.0,11.0,-2.35931190938,-2.29337088537,-2.30505211088,-2.26256975221,;
2.0,12.0,12.0,-2.46926567081,-2.44289658082,-2.49645311874,-2.42862807727,;
2.0,12.0,13.0,-2.66691361252,-2.54958725975,-2.53783060429,-2.56087460199,;
2.0,12.0,14.0,-2.60618663475,-2.6050310493,-2.68732267175,-2.64645079182,;
2.0,12.0,15.0,-2.67370281783,-2.63600178349,-2.71587275962,-2.62793440609,;
2.0,12.0,16.0,-3.05296845666,-2.93983782314,-3.06140044959,-2.9965195786,;
2.0,13.0,0.0,1.05065470525,1.0544,3.18,1.0,;
2.0,13.0,1.0,1.0791953062,1.00616,6.9983459993,0.32629095104,;
2.0,13.0,2.0,0.293229565961,0.93672281287,9.24693220922,0.292041240387,;
2.0,13.0,3.0,-0.314488499097,1.28424408825,2.90489026834,-0.03948057767,;
2.0,13.0,4.0,-0.874803825324,-0.394931810059,0.595648150614,-0.62012187076,;
2.0,13.0,5.0,-1.18239881302,-0.877160757938,-0.599938063605,-1.14692839608,;
2.0,13.0,6.0,-1.37563589365,-1.35707985043,-1.3030925992,-1.37928569173,;
2.0,13.0,7.0,-1.72974995206,-1.63862326115,-1.71018106882,-1.73206115806,;
2.0,13.0,8.0,-1.89655371797,-1.92415052674,-1.86681387317,-1.85697400593,;
2.0,13.0,9.0,-2.05939653643,-2.04580759047,-2.10194644401,-2.10006937729,;
2.0,13.0,10.0,-2.16753387291,-2.20335035605,-2.32778434745,-2.27623503761,;
2.0,13.0,11.0,-2.32708743874,-2.35942998537,-2.38702706057,-2.33815410966,;
2.0,13.0,12.0,-2.54499012743,-2.48089913577,-2.49264801102,-2.50696455651,;
2.0,13.0,13.0,-2.62686472003,-2.58197040377,-2.58890359842,-2.68179048381,;
2.0,13.0,14.0,-2.62355392471,-2.695492016,-2.86666593473,-2.66924133888,;
2.0,13.0,15.0,-2.72730875499,-2.73490910814,-2.71164834016,-2.6587441163,;
2.0,13.0,16.0,-2.99301843453,-2.95156863637,-3.03623515225,-3.01459309776,;
2.0,14.0,0.0,1.0,1.0,1.0,1.0,;
2.0,14.0,1.0,5.72117956793,22.6612934574,3.4155647926,1.92199813131,;
2.0,14.0,2.0,4.51547531546,16.7602100608,2.31059063104,1.43069055148,;
2.0,14.0,3.0,0.479382795561,11.518259689,0.199512461939,0.278647558852,;
2.0,14.0,4.0,-0.451790297093,5.80113328735,-0.487688277075,-0.741148575434,;
2.0,14.0,5.0,-1.07257662695,1.52252799893,-1.17496660622,-1.01389356337,;
2.0,14.0,6.0,-1.34601148608,-1.04078286558,-1.36616805446,-1.2557015151,;
2.0,14.0,7.0,-1.72816170729,-1.64969590898,-1.76961558355,-1.70720642378,;
2.0,14.0,8.0,-1.90794078329,-1.90633564544,-1.93466477989,-1.9279739488,;
2.0,14.0,9.0,-2.11210218198,-2.06863739472,-2.0828461023,-2.11284646622,;
2.0,14.0,10.0,-2.2472628302,-2.26893589551,-2.28808949437,-2.34690933364,;
2.0,14.0,11.0,-2.50629896418,-2.39736713803,-2.37441056871,-2.41135887699,;
2.0,14.0,12.0,-2.54837702742,-2.54805428448,-2.63829704526,-2.52211194451,;
2.0,14.0,13.0,-2.63155014158,-2.62059057432,-2.71962342171,-2.64177294639,;
2.0,14.0,14.0,-2.74966420754,-2.76924361217,-2.77111715171,-2.77591652111,;
2.0,14.0,15.0,-2.70750235198,-2.77743105321,-2.73984134505,-2.74063902501,;
2.0,14.0,16.0,-2.98805040368,-2.95666493671,-2.97631879616,-3.01828675303,;
2.0,15.0,0.0,0.88,0.88,1.0,8.49702,;
2.0,15.0,1.0,0.825135125935,1.07564,0.613752281587,10.2485441859,;
2.0,15.0,2.0,0.333618679611,1.35215060645,0.54181380864,7.56290793612,;
2.0,15.0,3.0,0.134734103766,0.702095315703,0.0150792037768,1.15185282403,;
2.0,15.0,4.0,-0.515925635414,-0.330520233475,-0.408544122023,0.386034436836,;
2.0,15.0,5.0,-1.20223869367,-0.948355974292,-1.03590869504,-0.733222461227,;
2.0,15.0,6.0,-1.39183948498,-1.34609049193,-1.4581612038,-1.32659084715,;
2.0,15.0,7.0,-1.59511367796,-1.60565676072,-1.60579915246,-1.88673344742,;
2.0,15.0,8.0,-1.96421213745,-1.86958698417,-1.89069217998,-1.99108343695,;
2.0,15.0,9.0,-2.12102280858,-2.11718747037,-2.21717343254,-2.075533444,;
2.0,15.0,10.0,-2.35560278005,-2.27998534736,-2.2647326586,-2.26642009077,;
2.0,15.0,11.0,-2.51399307073,-2.34552372723,-2.45552677159,-2.49190447021,;
2.0,15.0,12.0,-2.63122072155,-2.59298692204,-2.63462883451,-2.62802388486,;
2.0,15.0,13.0,-2.68427174628,-2.70265833842,-2.77549964898,-2.69581778395,;
2.0,15.0,14.0,-2.72494566292,-2.78968228442,-2.73152299299,-2.7734384879,;
2.0,15.0,15.0,-2.80526634609,-2.71281762406,-2.73213548785,-2.79515670656,;
2.0,15.0,16.0,-2.9718739242,-2.98529767822,-3.14947214943,-3.00872144771,;
2.0,16.0,0.0,0.65656,0.77712256,1.2296608,1.0,;
2.0,16.0,1.0,0.530095880385,0.51371056,3.7356657988,0.731923968,;
2.0,16.0,2.0,0.267387625836,0.3875308,0.46153523296,0.44002610364,;
2.0,16.0,3.0,-0.0521354494936,-0.000907888942392,0.868258587212,0.0312785796049,;
2.0,16.0,4.0,-0.510504787292,-0.470113973488,-0.230706228707,-0.43600994111,;
2.0,16.0,5.0,-1.08716569447,-0.954822991148,-0.769774312621,-1.0234976806,;
2.0,16.0,6.0,-1.5787100843,-1.34294153243,-1.31692168818,-1.39693291915,;
2.0,16.0,7.0,-1.65270502166,-1.60218067391,-1.76425396899,-1.62124454856,;
2.0,16.0,8.0,-1.97693019538,-1.89846442583,-1.92749792278,-1.89972502387,;
2.0,16.0,9.0,-2.25629774334,-2.15033043925,-2.1950412062,-2.15742696026,;
2.0,16.0,10.0,-2.37733888161,-2.3675174882,-2.35132394356,-2.34357345023,;
2.0,16.0,11.0,-2.64337538827,-2.47472472081,-2.51750321267,-2.49992516559,;
2.0,16.0,12.0,-2.65929364158,-2.69498722497,-2.65256442696,-2.62101416528,;
2.0,16.0,13.0,-2.72934033765,-2.71092769795,-2.78195964796,-2.71836064747,;
2.0,16.0,14.0,-2.74176968409,-2.71845804844,-2.683062242,-2.77311767104,;
2.0,16.0,15.0,-2.71581461025,-2.78531198704,-2.74035249807,-2.73891908881,;
2.0,16.0,16.0,-3.06623645867,-3.11252040208,-3.07966630316,-3.10172372239,;
2.0,17.0,0.0,1.99651016391,1.0,22.4025369031,0.88512256,;
2.0,17.0,1.0,1.38627435454,3.91846578387,21.5289472239,0.671812162663,;
2.0,17.0,2.0,0.914015252177,1.21073486079,12.8231804398,0.423595818157,;
2.0,17.0,3.0,0.00149727639946,0.695030020562,13.1626541091,0.20275722569,;
2.0,17.0,4.0,-0.44410094983,2.27363401019,1.67134829342,-0.595542184269,;
2.0,17.0,5.0,-1.12198966429,-0.415078412434,0.92353089061,-0.700364734934,;
2.0,17.0,6.0,-1.29747712819,-1.03885311102,-1.19098160634,-1.49542355968,;
2.0,17.0,7.0,-1.87426258551,-1.6021012654,-1.61469175842,-1.57310357767,;
2.0,17.0,8.0,-1.99849124109,-1.92311649604,-1.94430961605,-1.97196533473,;
2.0,17.0,9.0,-2.17089173452,-2.10382588703,-2.4313158649,-2.16388638917,;
2.0,17.0,10.0,-2.32797032449,-2.31718959768,-2.34528149664,-2.40555421183,;
2.0,17.0,11.0,-2.49180167099,-2.4558424936,-2.4759605025,-2.59120692104,;
2.0,17.0,12.0,-2.61920232312,-2.64456419719,-2.63145080527,-2.70946783018,;
2.0,17.0,13.0,-2.6835034905,-2.69507848749,-2.74712729023,-2.73927074114,;
2.0,17.0,14.0,-2.69573944687,-2.77619708831,-2.8770754039,-2.69994064589,;
2.0,17.0,15.0,-2.78259739587,-2.78162864063,-2.79232621108,-2.72738344097,;
2.0,17.0,16.0,-2.98878697618,-2.97698423012,-3.0678839114,-3.111081316,;
2.0,18.0,0.0,8.80737466474,4.0028172972,8.21797792041,42.6345118907,;
2.0,18.0,1.0,16.1976281933,55.3359096157,22.1932097276,12.9967244446,;
2.0,18.0,2.0,10.6249207048,39.3725881859,18.0900068348,13.8814661389,;
2.0,18.0,3.0,7.43654499669,26.8577904967,12.3501184758,4.6059558019,;
2.0,18.0,4.0,-0.524016164418,17.5559081151,2.91496883007,0.838367453138,;
2.0,18.0,5.0,-1.01776841295,6.86404697904,-0.67393757027,-0.546346755607,;
2.0,18.0,6.0,-1.71421234261,1.71770295927,-1.07528478845,-1.06830698957,;
2.0,18.0,7.0,-2.05991629157,-0.762351242741,-1.88917985918,-1.78009797414,;
2.0,18.0,8.0,-2.41446461883,-1.95348351306,-2.15695994887,-2.22296539567,;
2.0,18.0,9.0,-2.58307296905,-2.46926758596,-2.47905380335,-2.51620787347,;
2.0,18.0,10.0,-2.75961521654,-2.68178151745,-2.59748248362,-2.58582148467,;
2.0,18.0,11.0,-2.80466258688,-2.81075331311,-2.87458786716,-2.80860573835,;
2.0,18.0,12.0,-2.8666433776,-2.88037074659,-2.92620977061,-2.88194900613,;
2.0,18.0,13.0,-3.00747377308,-2.96019528356,-2.93577571158,-2.90612966701,;
2.0,18.0,14.0,-3.02238415068,-3.05040786354,-3.08732611874,-3.0620729084,;
2.0,18.0,15.0,-3.23568089347,-3.0808582747,-3.11405783992,-3.0836130474,;
2.0,18.0,16.0,-3.37079510421,-3.37429018923,-3.40383211417,-3.36119921389,;
3.0,0.0,0.0,-4.91381038367,-4.93042358851,-4.91570181452,-4.93016980702,;
3.0,0.0,1.0,-4.89340772664,-4.93014428104,-4.89613155214,-4.91388701504,;
3.0,0.0,2.0,-4.86754716329,-4.91397723817,-4.87016298994,-4.89305926781,;
3.0,0.0,3.0,-4.83674449055,-4.89278495502,-4.83775660728,-4.86443122827,;
3.0,0.0,4.0,-4.7984897671,-4.86700831129,-4.80331701264,-4.83455047988,;
3.0,0.0,5.0,-4.75254527087,-4.83462582124,-4.75434508517,-4.7925417228,;
3.0,0.0,6.0,-4.7033747549,-4.78926598791,-4.70771065488,-4.75390211799,;
3.0,0.0,7.0,-4.64529917928,-4.74341779462,-4.64667492233,-4.6891648022,;
3.0,0.0,8.0,-4.57490134864,-4.68882293967,-4.57602546028,-4.62771326588,;
3.0,0.0,9.0,-4.51004850862,-4.61703046265,-4.5197862529,-4.55824507929,;
3.0,0.0,10.0,-4.44585566584,-4.52221596393,-4.45294841741,-4.47782288575,;
3.0,0.0,11.0,-4.37126078663,-4.48798863852,-4.41122066893,-4.34618007693,;
3.0,0.0,12.0,-4.34258918979,-4.36659664169,-4.34829345705,-4.36166790445,;
3.0,0.0,13.0,-4.29191642769,-4.35839460062,-4.3067955972,-4.32866023557,;
3.0,0.0,14.0,-4.25994713672,-4.29784759569,-4.23978951276,-4.23391210701,;
3.0,0.0,15.0,-4.24147422024,-4.21252149169,-4.2074508192,-4.2141299356,;
3.0,0.0,16.0,-4.23830468228,-4.21055480085,-4.2677193956,-4.26391578707,;
3.0,1.0,0.0,-4.89594899296,-4.91546178733,-4.89676710036,-4.93048230075,;
3.0,1.0,1.0,-4.87149201068,-4.91563859376,-4.87370307552,-4.91381755471,;
3.0,1.0,2.0,-4.84204068732,-4.89466586467,-4.84214284018,-4.89170296672,;
3.0,1.0,3.0,-4.80525132574,-4.86844264115,-4.80967871582,-4.86661200671,;
3.0,1.0,4.0,-4.76212427096,-4.83823696093,-4.7674469844,-4.83335769652,;
3.0,1.0,5.0,-4.71053887236,-4.80158394112,-4.70916046669,-4.79062216023,;
3.0,1.0,6.0,-4.65370219007,-4.74976305735,-4.64886988815,-4.75342419381,;
3.0,1.0,7.0,-4.58542614198,-4.700669749,-4.58622820317,-4.68995375423,;
3.0,1.0,8.0,-4.53708983486,-4.62552724951,-4.50213484822,-4.6251161906,;
3.0,1.0,9.0,-4.46255996407,-4.55674770287,-4.47741387076,-4.56288562198,;
3.0,1.0,10.0,-4.41144509992,-4.45245441975,-4.41487576022,-4.4725132254,;
3.0,1.0,11.0,-4.38679353762,-4.41454478023,-4.36153314087,-4.40222172486,;
3.0,1.0,12.0,-4.28908639263,-4.36294923262,-4.34380337404,-4.36603126542,;
3.0,1.0,13.0,-4.25073514713,-4.2808212902,-4.25819323114,-4.32603678383,;
3.0,1.0,14.0,-4.19770850088,-4.2530964757,-4.18196965317,-4.29757354234,;
3.0,1.0,15.0,-4.21204447918,-4.20017424043,-4.17046398446,-4.18347812166,;
3.0,1.0,16.0,-4.22972437395,-4.24399874204,-4.23657506616,-4.25315400272,;
3.0,2.0,0.0,-4.8725798784,-4.89560454482,-9.91113689305,-4.91466990488,;
3.0,2.0,1.0,-4.84459336492,-4.8950129326,-4.89203224182,-4.89544286205,;
3.0,2.0,2.0,-4.81027053361,-4.87168384171,-4.86521806213,-4.86914260887,;
3.0,2.0,3.0,-4.7691496072,-4.84089626996,-4.83973932686,-4.8364552102,;
3.0,2.0,4.0,-4.71650503532,-4.80907621011,-4.80832437171,-4.80191735801,;
3.0,2.0,5.0,-4.65232812588,-4.76203974434,-9.64696550381,-4.75555972003,;
3.0,2.0,6.0,-4.58684450015,-4.7071641483,-4.58101734928,-4.70349254506,;
3.0,2.0,7.0,-4.50588893351,-4.63761608067,-4.50120667286,-4.63900280009,;
3.0,2.0,8.0,-4.49564488125,-4.57771331921,-4.40462488626,-4.58100238581,;
3.0,2.0,9.0,-4.45375841565,-4.43858901343,-4.43266403431,-4.51018398876,;
3.0,2.0,10.0,-4.37324237621,-4.46770665906,-4.35035689663,-4.46785812595,;
3.0,2.0,11.0,-4.29728828534,-4.39515300956,-4.28904926103,-4.41462603453,;
3.0,2.0,12.0,-4.28448867375,-4.35155220216,-4.29652621346,-4.30885609929,;
3.0,2.0,13.0,-4.20141361616,-4.29172607318,-9.02684613189,-4.29280779265,;
3.0,2.0,14.0,-4.1554744243,-4.28351851354,-4.07954442025,-4.21830592058,;
3.0,2.0,15.0,-4.147603446,-4.12289141343,-4.13325896237,-4.13008564814,;
3.0,2.0,16.0,-4.15500715853,-4.17248492041,-4.15477740556,-4.24912321516,;
3.0,3.0,0.0,-4.89073123488,-9.90991283379,-18.9200718176,-4.89509538937,;
3.0,3.0,1.0,-4.86629880746,-9.91088409605,-9.90374716746,-4.87171869378,;
3.0,3.0,2.0,-4.83593028196,-4.8892529935,-4.88328334288,-4.83977287815,;
3.0,3.0,3.0,-4.80634440295,-4.86364769917,-4.86155069585,-4.80614246577,;
3.0,3.0,4.0,-9.64336151049,-4.83160202984,-9.83559158987,-4.76728613753,;
3.0,3.0,5.0,-4.57899066781,-4.7967339534,-18.5582751293,-4.70272890835,;
3.0,3.0,6.0,-4.50527422949,-9.63506335164,-9.49139708247,-4.64026564035,;
3.0,3.0,7.0,-4.40440280775,-4.5697003607,-4.39874412694,-4.56430258489,;
3.0,3.0,8.0,-4.41808190869,-4.49805483968,-4.27353531301,-4.50724944904,;
3.0,3.0,9.0,-4.3451632806,-4.39770349458,-4.32300701077,-4.48686327041,;
3.0,3.0,10.0,-4.30341106095,-4.39822210873,-4.23104436474,-4.44580203914,;
3.0,3.0,11.0,-4.30865948158,-4.24114968889,-4.2126558514,-4.35704098052,;
3.0,3.0,12.0,-8.94086365492,-4.25669957089,-9.04022542707,-4.26699617396,;
3.0,3.0,13.0,-4.01126054235,-4.13645751443,-16.5679974242,-4.11405390019,;
3.0,3.0,14.0,-4.05198072186,-8.82279924597,-8.72882750923,-4.08848230003,;
3.0,3.0,15.0,-4.09326721143,-4.08224986708,-4.07583611967,-4.10842358466,;
3.0,3.0,16.0,-4.06477866821,-4.14922734366,-4.05803337712,-4.13027284082,;
3.0,4.0,0.0,-9.9036250905,-18.9160801319,-19.2,-9.90629244905,;
3.0,4.0,1.0,-4.88292789709,-18.9182874537,-14.8890977275,-4.88993294691,;
3.0,4.0,2.0,-4.85847182034,-9.9020499061,-6.68780302117,-4.86044182608,;
3.0,4.0,3.0,-9.82456619585,-4.88204774672,-7.35125952703,-4.83234023477,;
3.0,4.0,4.0,-18.5487725159,-4.85082333753,-16.8815375648,-4.80257377053,;
3.0,4.0,5.0,-9.47640016145,-9.80784825828,-19.1999990358,-9.62643296462,;
3.0,4.0,6.0,-4.38785571273,-18.5297278063,-17.6848584955,-4.55869337511,;
3.0,4.0,7.0,-4.2665138546,-9.48678459062,-8.93238533895,-4.48068348877,;
3.0,4.0,8.0,-4.31759596546,-4.39035712298,-4.10093019211,-4.39097601468,;
3.0,4.0,9.0,-4.23081913455,-4.24480690992,-4.18942513647,-4.4300143809,;
3.0,4.0,10.0,-4.26599959347,-4.28109296245,-4.10000975844,-4.31583418522,;
3.0,4.0,11.0,-8.85860097275,-4.17570785128,-8.83573852721,-4.26206259783,;
3.0,4.0,12.0,-16.1992352609,-4.08321367182,-13.6243884917,-4.21374744771,;
3.0,4.0,13.0,-8.14030450904,-8.47943440866,-18.5757562815,-8.15781560832,;
3.0,4.0,14.0,-3.86139256149,-13.8042332954,-13.3958348185,-3.88124020375,;
3.0,4.0,15.0,-4.03393512867,-8.33044326205,-8.3233993058,-4.00610758102,;
3.0,4.0,16.0,-4.05376664446,-4.06054667187,-3.98008532706,-4.03723455806,;
3.0,5.0,0.0,1.0,1.0,1.0,1.0,;
3.0,5.0,1.0,-6.68801270596,-19.1999999996,-4.87205824555,-9.89519786295,;
3.0,5.0,2.0,-7.35175405979,-14.8835134165,-0.859284380793,-4.87278387099,;
3.0,5.0,3.0,-16.8808526103,-6.68832493582,-1.68830473887,-4.85179975399,;
3.0,5.0,4.0,-19.199999585,-7.3516129494,-7.3580658101,-9.77377297679,;
3.0,5.0,5.0,1.0,1.0,1.0,1.0,;
3.0,5.0,6.0,-8.87655321429,-19.1992640051,-8.35752397512,-9.3260151138,;
3.0,5.0,7.0,-4.05868014198,-17.6512055745,-3.67339213597,-4.34007503317,;
3.0,5.0,8.0,-4.12261791101,-8.92551101815,-3.90759245038,-4.22690112959,;
3.0,5.0,9.0,-4.07548430028,-4.08404166755,-4.02186202827,-4.30663019002,;
3.0,5.0,10.0,-8.83327204628,-4.15249533216,-3.93854233652,-4.13465282511,;
3.0,5.0,11.0,-15.6047521267,-3.91174721733,-3.7358186529,-4.09406678406,;
3.0,5.0,12.0,-18.868251294,-7.6507548135,-7.37129051511,-7.5545170316,;
3.0,5.0,13.0,1.0,1.0,1.0,1.0,;
3.0,5.0,14.0,-7.02540454364,-17.8948614584,-7.04965857903,-6.88099168589,;
3.0,5.0,15.0,-3.52506017155,-12.484533032,-3.45509941711,-3.67732340486,;
3.0,5.0,16.0,-3.9267481442,-6.74341982451,-3.81390007802,-4.06014740807,;
3.0,6.0,0.0,-4.76483825606,-12.0881965301,-1.89762520241,-19.1978891873,;
3.0,6.0,1.0,-0.859725034777,-12.4897543437,1.39761963431,-14.8486623511,;
3.0,6.0,2.0,-1.68880554756,-4.87652710936,0.176531175793,-6.68814605392,;
3.0,6.0,3.0,-7.35632756861,-0.859510973933,-0.859861009551,-7.3510582168,;
3.0,6.0,4.0,-16.7534789876,-1.68942104203,-1.69998216598,-16.8558814655,;
3.0,6.0,5.0,-8.31307845504,-7.31510712897,-7.33121341247,-19.1673303527,;
3.0,6.0,6.0,-3.62013552778,-16.7336377353,-2.92781006726,-17.3795403893,;
3.0,6.0,7.0,-3.8621839663,-8.35394713508,-3.33173029627,-8.79996740484,;
3.0,6.0,8.0,-3.99991280483,-3.66126985744,-3.65300285296,-4.06695450476,;
3.0,6.0,9.0,-3.86915445549,-3.87380281449,-3.85900757668,-4.13571035496,;
3.0,6.0,10.0,-3.77008513749,-3.99519221091,-3.7374815367,-4.01784578642,;
3.0,6.0,11.0,-8.19869093641,-3.70135935003,-3.61033312446,-8.55320217983,;
3.0,6.0,12.0,-12.482422279,-3.32227470281,-3.32862776851,-13.278413729,;
3.0,6.0,13.0,-5.73607862464,-6.59708203878,-6.21842246413,-18.4293287426,;
3.0,6.0,14.0,-3.0935847712,-11.6216232117,-3.03200617635,-14.2174863066,;
3.0,6.0,15.0,-3.49846479004,-7.74000440048,-3.34898985269,-7.82499802361,;
3.0,6.0,16.0,-3.73904247814,-3.67691328406,-3.66456039894,-3.90747511731,;
3.0,7.0,0.0,1.44410414625,-1.90354132184,5.11198519177,-12.407525171,;
3.0,7.0,1.0,0.175775493382,-1.90992584568,3.02202959681,-4.86430703722,;
3.0,7.0,2.0,-0.86022624038,1.39896093189,1.47124332169,-0.859469300847,;
3.0,7.0,3.0,-1.68897726733,0.176433930851,0.173600757934,-1.68966361256,;
3.0,7.0,4.0,-7.33868552141,-0.859619734153,-0.869000627775,-7.35484822134,;
3.0,7.0,5.0,-2.93966482893,-1.6917128462,-1.74533498367,-16.5540160472,;
3.0,7.0,6.0,-3.33269768568,-7.34763416833,-2.37401473314,-8.36191292394,;
3.0,7.0,7.0,-3.64045362415,-2.93757623607,-2.9013025682,-3.62793243262,;
3.0,7.0,8.0,-3.80408526068,-3.34327312652,-3.32530651416,-3.85202169394,;
3.0,7.0,9.0,-3.68205759532,-3.63279400251,-3.61666578371,-3.98541761552,;
3.0,7.0,10.0,-3.49630086969,-3.66557834214,-3.52370605136,-3.84076626916,;
3.0,7.0,11.0,-3.40933649747,-3.53228994956,-3.39673310001,-3.6881128073,;
3.0,7.0,12.0,-7.78558825942,-3.40231577076,-3.31001056523,-7.41608994345,;
3.0,7.0,13.0,-3.05292917992,-3.06456317042,-3.06100092389,-12.0632555792,;
3.0,7.0,14.0,-3.27538284252,-7.7607682329,-3.18504736254,-7.67675170444,;
3.0,7.0,15.0,-3.43310334588,-3.2836232575,-3.27523872858,-3.25500096216,;
3.0,7.0,16.0,-3.6257937059,-3.57803671672,-3.53863849451,-3.7002641046,;
3.0,8.0,0.0,3.08605260297,5.11175755191,7.63999920727,-1.90205359467,;
3.0,8.0,1.0,1.46964031227,5.0960826984,5.11197351497,1.39568769616,;
3.0,8.0,2.0,0.173823928401,3.08938449054,3.0875352009,0.176107689027,;
3.0,8.0,3.0,-0.868180833941,1.47086648402,1.42567674868,-0.862037827426,;
3.0,8.0,4.0,-1.71178157846,0.175503804301,0.0108859007319,-1.69164676684,;
3.0,8.0,5.0,-2.39814257533,-0.86306518339,-1.03751996093,-7.34392530036,;
3.0,8.0,6.0,-2.90405176762,-1.69557604621,-1.83361837908,-2.9173546799,;
3.0,8.0,7.0,-3.30677594937,-2.36329044405,-2.56431517811,-3.3148596179,;
3.0,8.0,8.0,-3.52090948344,-2.89623306235,-3.11144552647,-3.63403921618,;
3.0,8.0,9.0,-3.37392875524,-3.31497466807,-3.37275035694,-3.74937453002,;
3.0,8.0,10.0,-3.41044932862,-3.57377054601,-3.2681865841,-3.62056796484,;
3.0,8.0,11.0,-3.27119858084,-3.359960959,-3.25689685953,-3.36189744931,;
3.0,8.0,12.0,-3.20199819229,-3.23067006412,-3.22047121387,-3.23247870534,;
3.0,8.0,13.0,-3.12852243762,-3.16174741143,-3.13614205737,-7.43674750405,;
3.0,8.0,14.0,-3.1247301998,-3.20831944541,-3.01974959991,-3.19927850762,;
3.0,8.0,15.0,-3.1506148482,-3.11272032712,-3.12309147922,-3.27930434743,;
3.0,8.0,16.0,-3.38728873063,-3.34141610061,-3.36654384083,-3.61651882992,;
3.0,9.0,0.0,5.11158518934,7.63955291999,10.7999999627,5.11188994661,;
3.0,9.0,1.0,3.06157856771,7.63999910927,7.63859557281,3.08482202497,;
3.0,9.0,2.0,1.40502190876,5.11194267407,5.10991889451,1.46718236032,;
3.0,9.0,3.0,0.00841247279129,3.07471225046,3.08806154161,0.161158247153,;
3.0,9.0,4.0,-1.12744203918,1.45860565826,1.37931072639,-0.875466244935,;
3.0,9.0,5.0,-1.92325973104,0.140407266489,-0.0378377582389,-1.73411863023,;
3.0,9.0,6.0,-2.51370991067,-0.936540830163,-1.08104420469,-2.41099425079,;
3.0,9.0,7.0,-3.03043176438,-1.86390382944,-2.03493000101,-2.74737846453,;
3.0,9.0,8.0,-3.34212954572,-2.62823983137,-2.68462422283,-3.23132032692,;
3.0,9.0,9.0,-3.26292093489,-3.05144508312,-3.0584033535,-3.451049835,;
3.0,9.0,10.0,-3.21335746528,-3.12817416209,-3.11535706005,-3.19880973044,;
3.0,9.0,11.0,-3.13898964074,-3.16757686756,-3.04329609691,-3.33799083344,;
3.0,9.0,12.0,-3.04674784737,-3.05001662797,-3.05275513617,-3.18627634359,;
3.0,9.0,13.0,-3.05632901822,-3.00538477052,-2.99336528778,-3.02333335029,;
3.0,9.0,14.0,-2.96694196535,-2.99195280018,-2.92276318673,-3.11495417158,;
3.0,9.0,15.0,-3.28469738136,-2.90274320153,-2.88882621419,-3.15671358548,;
3.0,9.0,16.0,-3.36765790747,-3.27245081792,-3.26906371143,-3.29355741647,;
3.0,10.0,0.0,1.0,1.0,1.0,1.0,;
3.0,10.0,1.0,5.08940479462,10.799981313,4.86393902444,5.10489798488,;
3.0,10.0,2.0,3.07626579013,7.63995526966,2.99828231113,3.05579619422,;
3.0,10.0,3.0,1.42670261638,5.11188480821,1.32964858168,1.41234638995,;
3.0,10.0,4.0,0.0336130283747,3.08403142609,-0.0384711585752,0.0844425228124,;
3.0,10.0,5.0,-1.09803054876,1.44413361512,-1.14719555368,-1.09854264573,;
3.0,10.0,6.0,-2.04481698161,0.102585203502,-1.94837882008,-1.92125533217,;
3.0,10.0,7.0,-2.58418511476,-1.00158887707,-2.41602097687,-2.54299148738,;
3.0,10.0,8.0,-2.96650046723,-1.96063225278,-2.66296933471,-2.99760808019,;
3.0,10.0,9.0,-2.82718918214,-2.65632221671,-2.8522258156,-2.8794231481,;
3.0,10.0,10.0,-2.98217020853,-2.92674033918,-2.8342930215,-3.01964063411,;
3.0,10.0,11.0,-2.89931076214,-2.86103902371,-2.97525218354,-2.99093200864,;
3.0,10.0,12.0,-2.92040158407,-2.94368118608,-2.87839216039,-2.99686512286,;
3.0,10.0,13.0,-2.94351057288,-2.87628293733,-2.86118592047,-2.9691906584,;
3.0,10.0,14.0,-2.83424142559,-2.92909381086,-2.79065567852,-3.02447991096,;
3.0,10.0,15.0,-3.06542241599,-2.81261666227,-2.80300055511,-2.81902581379,;
3.0,10.0,16.0,-3.01100426631,-3.02081654818,-3.13878278984,-3.39924321172,;
3.0,11.0,0.0,3.16532327564,4.24200449748,1.50619767845,10.2301325774,;
3.0,11.0,1.0,2.33550267179,5.87093114685,3.43745335801,7.51767104228,;
3.0,11.0,2.0,1.1880550325,4.58692519452,0.930422117779,5.08888087115,;
3.0,11.0,3.0,-0.156178799304,2.79603355832,-0.44069881168,2.95371238774,;
3.0,11.0,4.0,-1.13866957092,1.38973938046,-1.39499940352,1.2628339805,;
3.0,11.0,5.0,-2.00977726486,0.0536621301486,-1.8148353801,-0.0802901440676,;
3.0,11.0,6.0,-2.37853370403,-1.13999338385,-2.16846766666,-1.29478142882,;
3.0,11.0,7.0,-2.34521287919,-1.99380982608,-2.17840167202,-1.94126728055,;
3.0,11.0,8.0,-2.54748225961,-2.37063332363,-2.37431828433,-2.54810838262,;
3.0,11.0,9.0,-2.61309080553,-2.63152609125,-2.68209808603,-2.74076049526,;
3.0,11.0,10.0,-2.71720504667,-2.63424569707,-2.61040089103,-2.90747658532,;
3.0,11.0,11.0,-2.7881746856,-2.74910925846,-2.73243180621,-2.9115264683,;
3.0,11.0,12.0,-2.76457352705,-2.8304197241,-2.6561002523,-2.84998552028,;
3.0,11.0,13.0,-2.69359631583,-2.67717858333,-2.68788805164,-2.83000237197,;
3.0,11.0,14.0,-2.69705202612,-2.61241834222,-2.57111884869,-2.93409720455,;
3.0,11.0,15.0,-2.80424859573,-2.71634913788,-2.68002822804,-2.7625169825,;
3.0,11.0,16.0,-2.99545337986,-3.00780859386,-3.06422647418,-3.00118738943,;
3.0,12.0,0.0,1.65081951665,0.973592349216,2.133941936,5.50498077713,;
3.0,12.0,1.0,0.416019785506,1.86043138932,7.72212932975,3.31593810857,;
3.0,12.0,2.0,-0.342371202822,2.1899591295,1.8409175222,2.88223110756,;
3.0,12.0,3.0,-1.22196773016,0.687281879844,1.30310161382,1.11887043172,;
3.0,12.0,4.0,-1.57887544779,-0.321783871705,-0.897808892723,-0.463216009015,;
3.0,12.0,5.0,-1.94776124444,-1.32694995452,-1.38887675509,-1.2313634112,;
3.0,12.0,6.0,-2.08816189267,-1.80287409208,-1.90594532736,-1.85996283331,;
3.0,12.0,7.0,-2.19903388139,-2.06401260719,-2.00619286279,-2.14746276928,;
3.0,12.0,8.0,-2.54269771742,-2.16802331457,-2.18456599868,-2.36594106464,;
3.0,12.0,9.0,-2.46651120854,-2.47993844638,-2.48504817496,-2.55497003216,;
3.0,12.0,10.0,-2.59389322853,-2.53362544271,-2.45934730596,-2.4992512606,;
3.0,12.0,11.0,-2.47324135614,-2.5762733978,-2.47053216471,-2.67466986604,;
3.0,12.0,12.0,-2.49199767105,-2.45591180405,-2.46229362695,-2.74164565286,;
3.0,12.0,13.0,-2.5138003431,-2.5264789137,-2.48470634438,-2.55080148552,;
3.0,12.0,14.0,-2.52936080841,-2.59872152536,-2.41559624944,-2.47474913925,;
3.0,12.0,15.0,-2.69860556004,-2.46243247215,-2.4545786146,-2.67975473126,;
3.0,12.0,16.0,-3.07150286783,-2.94371737093,-2.92705242306,-2.95589558499,;
3.0,13.0,0.0,2.96716366507,4.33348339539,15.1988100058,1.25563096162,;
3.0,13.0,1.0,3.07727693694,5.49924317358,15.2115584223,1.6087869865,;
3.0,13.0,2.0,0.340728219504,9.27872820962,5.38490812658,0.522604309034,;
3.0,13.0,3.0,-0.767565488743,4.43938916985,3.14776630387,-0.558549816803,;
3.0,13.0,4.0,-1.24281907396,0.904830103067,0.107119965203,-0.827005460146,;
3.0,13.0,5.0,-1.76618280094,-0.680241425702,-0.897574188079,-1.61285765343,;
3.0,13.0,6.0,-1.718874743,-1.52358474424,-1.60167538723,-1.86059588263,;
3.0,13.0,7.0,-1.82000095776,-1.83008595845,-1.62568078075,-2.14354718793,;
3.0,13.0,8.0,-2.1620285791,-1.93481768526,-1.92093716042,-2.09219053262,;
3.0,13.0,9.0,-2.17086817138,-2.14789032781,-2.14307484131,-2.54500056647,;
3.0,13.0,10.0,-2.21355385006,-2.18146724281,-2.23861859448,-2.43188580849,;
3.0,13.0,11.0,-2.41954895726,-2.2086598606,-2.27257971623,-2.24818484925,;
3.0,13.0,12.0,-2.43556522302,-2.21272937845,-2.27131160669,-2.39271253699,;
3.0,13.0,13.0,-2.33252211448,-2.31510005204,-2.30724544164,-2.31065640406,;
3.0,13.0,14.0,-2.26236661122,-2.22113791411,-2.23492276086,-2.51109857005,;
3.0,13.0,15.0,-2.25012803035,-2.29883757038,-2.30508513925,-2.42047504912,;
3.0,13.0,16.0,-2.8811142094,-2.74061754324,-2.66603953287,-2.93429987768,;
3.0,14.0,0.0,1.0,1.0,1.0,1.0,;
3.0,14.0,1.0,6.6499720489,22.193680111,2.13301343205,7.49355948211,;
3.0,14.0,2.0,3.37328765381,15.5870870195,2.6628039693,2.06398944525,;
3.0,14.0,3.0,0.715326541159,9.74208395973,0.537112163202,0.514373455459,;
3.0,14.0,4.0,-0.60189378852,4.38793985301,-0.763240533578,-0.757100177273,;
3.0,14.0,5.0,-1.3588362292,1.26552742868,-0.989269130803,-1.12772050342,;
3.0,14.0,6.0,-1.40596045319,-0.824768351954,-1.40964435921,-1.70932736107,;
3.0,14.0,7.0,-1.73673502103,-1.51482960803,-1.52149606445,-1.61924036569,;
3.0,14.0,8.0,-1.99214241631,-1.85559368022,-1.8118789113,-1.91131011253,;
3.0,14.0,9.0,-2.18201264282,-1.9422301818,-1.91058926275,-1.93264978906,;
3.0,14.0,10.0,-2.09137177347,-2.08357607032,-2.01558691864,-2.0863175968,;
3.0,14.0,11.0,-2.28375580498,-2.1357590809,-2.08052311779,-2.24792876786,;
3.0,14.0,12.0,-2.12520393994,-2.28187864522,-2.18354207657,-2.1596790229,;
3.0,14.0,13.0,-2.24326991074,-2.29265140408,-2.1284904768,-2.35799275416,;
3.0,14.0,14.0,-2.06988351743,-2.13623190879,-2.10463908773,-2.19628500734,;
3.0,14.0,15.0,-2.22433147846,-2.13136844623,-2.13830742349,-2.22820313082,;
3.0,14.0,16.0,-2.49599038586,-2.47717349885,-2.46553696238,-2.71447434921,;
3.0,15.0,0.0,0.989271548315,1.0,0.90820992,9.927318,;
3.0,15.0,1.0,0.890742156201,1.999310216,0.75933787026,7.91604421819,;
3.0,15.0,2.0,0.569652304841,1.64485412059,0.0646823578976,7.9487986487,;
3.0,15.0,3.0,-0.501023439242,2.11526806872,-0.226403487472,3.42078018884,;
3.0,15.0,4.0,-0.449747897119,0.283572034964,-0.568654745934,0.672129097945,;
3.0,15.0,5.0,-0.767931309925,-0.614051109997,-0.857968355501,-0.436557583944,;
3.0,15.0,6.0,-1.47186214505,-1.07976374247,-1.07177302669,-1.22761654081,;
3.0,15.0,7.0,-1.51539526991,-1.32379791177,-1.18372284479,-1.65137740036,;
3.0,15.0,8.0,-1.61869345146,-1.47587161693,-1.54210769491,-1.94333446621,;
3.0,15.0,9.0,-1.77871878882,-1.72238849891,-1.75465432931,-1.7974576999,;
3.0,15.0,10.0,-1.95865118111,-1.83307709916,-1.84604321587,-1.80696402311,;
3.0,15.0,11.0,-1.95679417156,-1.89755156907,-1.83800772755,-2.15752996167,;
3.0,15.0,12.0,-2.0235301742,-2.00827841787,-1.96615200172,-2.22279408436,;
3.0,15.0,13.0,-2.08215739886,-2.08611529225,-2.0307472886,-2.11006429129,;
3.0,15.0,14.0,-2.07072919643,-2.01460112726,-2.01040076917,-2.00578196078,;
3.0,15.0,15.0,-2.12470071066,-2.10001124369,-2.06031200816,-2.07896344432,;
3.0,15.0,16.0,-2.13762919981,-2.22384783717,-2.31207561805,-2.35410337696,;
3.0,16.0,0.0,0.75069787026,0.825598848,1.1504,1.7971232,;
3.0,16.0,1.0,0.378135883401,0.6637688832,1.0410758779,0.80020992,;
3.0,16.0,2.0,0.0875125526161,0.194356081614,0.270183580437,1.71793649497,;
3.0,16.0,3.0,0.0117890110184,0.0668171433823,0.218094516725,0.161902844085,;
3.0,16.0,4.0,-0.978974252842,-0.262114650694,-0.329396423844,-0.289637661644,;
3.0,16.0,5.0,-0.793324362001,-0.767901659168,-0.729785377078,-0.791582968706,;
3.0,16.0,6.0,-0.693366061258,-0.846270818767,-0.880412154809,-1.28384851989,;
3.0,16.0,7.0,-1.17245943478,-1.09315369265,-1.10755558916,-1.05536357277,;
3.0,16.0,8.0,-1.4235028582,-1.32851241245,-1.3505243801,-1.44515368055,;
3.0,16.0,9.0,-1.59970935343,-1.43661578787,-1.58783856346,-1.72285090377,;
3.0,16.0,10.0,-1.59430131862,-1.51204008919,-1.77797210334,-1.86208257017,;
3.0,16.0,11.0,-1.60934133492,-1.70231187779,-1.55670565979,-1.73805513661,;
3.0,16.0,12.0,-1.98967931919,-1.74973752685,-1.77439799718,-1.84620486963,;
3.0,16.0,13.0,-1.9443958291,-1.87800965145,-1.98926117063,-2.18389157121,;
3.0,16.0,14.0,-2.00334534808,-1.94839431197,-2.00107491269,-1.89934610647,;
3.0,16.0,15.0,-2.20920340382,-1.89375914437,-2.08394741674,-1.97309107835,;
3.0,16.0,16.0,-2.33097799677,-2.28781918655,-2.39990098304,-2.28759232613,;
3.0,17.0,0.0,0.981094706063,1.28576,4.38,1.0,;
3.0,17.0,1.0,0.58770934073,0.772,3.61368382578,0.756335742953,;
3.0,17.0,2.0,0.6253696,0.647030232455,1.71342894416,0.247131127712,;
3.0,17.0,3.0,-0.0206060465693,0.266234019736,1.91657470404,-0.155366718938,;
3.0,17.0,4.0,-0.222927934352,-0.0765219700518,-0.0326405885978,-0.368186188744,;
3.0,17.0,5.0,-0.56799695458,-0.410488675448,-0.553257448263,-0.687562423519,;
3.0,17.0,6.0,-1.10425122325,-0.829013185344,-0.755610260512,-0.703881012181,;
3.0,17.0,7.0,-1.12208759728,-1.10486231169,-1.26045639071,-1.1053571295,;
3.0,17.0,8.0,-1.23812276591,-1.24466685734,-1.35029614961,-1.39937425637,;
3.0,17.0,9.0,-1.39557622587,-1.41166584403,-1.41999870798,-1.60628981344,;
3.0,17.0,10.0,-1.63795560077,-1.51961965311,-1.4778955131,-1.59019752031,;
3.0,17.0,11.0,-1.54527616209,-1.54599879969,-1.77839053654,-1.5947976848,;
3.0,17.0,12.0,-1.86435152299,-1.74736889261,-1.76339327926,-1.68578994227,;
3.0,17.0,13.0,-1.94135778117,-1.94816248641,-1.91700914299,-2.05997038853,;
3.0,17.0,14.0,-1.94097943983,-2.08565551358,-2.06084227227,-1.99588625394,;
3.0,17.0,15.0,-1.96312832791,-1.95201906276,-2.14201201765,-1.97765634774,;
3.0,17.0,16.0,-2.35643682502,-2.33369265449,-2.36122812504,-2.33226452549,;
3.0,18.0,0.0,2.46183542138,0.6748,0.88,4.422392448,;
3.0,18.0,1.0,1.35390427124,22.6271168881,5.97617224545,6.33378142656,;
3.0,18.0,2.0,0.418922190867,8.92254640146,2.27243219486,0.952049413228,;
3.0,18.0,3.0,-0.00688152918667,2.35310200871,0.104612955732,-0.154099682088,;
3.0,18.0,4.0,-0.646715182944,0.937887629195,-0.0706493393921,-0.295361849391,;
3.0,18.0,5.0,-1.222430042,-0.320488849225,-0.629942929326,-0.713514324587,;
3.0,18.0,6.0,-1.22967530442,-1.0948461668,-1.20580670452,-1.10516158918,;
3.0,18.0,7.0,-1.51028622743,-1.36477159085,-1.5669947294,-1.34324631202,;
3.0,18.0,8.0,-1.56751156892,-1.58758149378,-1.64274860368,-1.59833892054,;
3.0,18.0,9.0,-1.66373711267,-1.66787378404,-1.7483390934,-1.65158682352,;
3.0,18.0,10.0,-1.72458100629,-1.66751463923,-1.71452037581,-1.73057800279,;
3.0,18.0,11.0,-1.92205665373,-1.71448922416,-1.74720763193,-1.63823537855,;
3.0,18.0,12.0,-2.15549872914,-1.83510603478,-1.89164926089,-1.99080232775,;
3.0,18.0,13.0,-2.13908882451,-2.13476578896,-2.16266267545,-2.14976779289,;
3.0,18.0,14.0,-2.36643691659,-2.10786811638,-2.25107137975,-2.24342621018,;
3.0,18.0,15.0,-2.49149506338,-2.32518588001,-2.41039388393,-2.36509672962,;
3.0,18.0,16.0,-2.53547668909,-2.62355464519,-2.523086095,-2.54466872463,;
