0.0,0.0,0.0,nan,nan,nan,nan,;
0.0,0.0,1.0,nan,nan,nan,nan,;
0.0,0.0,2.0,nan,nan,nan,nan,;
0.0,1.0,0.0,nan,nan,nan,nan,;
0.0,1.0,1.0,nan,nan,nan,nan,;
0.0,1.0,2.0,nan,nan,nan,nan,;
0.0,2.0,0.0,nan,nan,nan,nan,;
0.0,2.0,1.0,nan,nan,nan,nan,;
0.0,2.0,2.0,nan,nan,nan,nan,;
0.0,3.0,0.0,nan,nan,nan,nan,;
0.0,3.0,1.0,nan,nan,nan,nan,;
0.0,3.0,2.0,nan,nan,nan,nan,;
0.0,4.0,0.0,nan,nan,nan,nan,;
0.0,4.0,1.0,nan,nan,nan,nan,;
0.0,4.0,2.0,nan,nan,nan,nan,;
1.0,0.0,0.0,-1.63328393452,nan,0.0227841280182,nan,;
1.0,0.0,1.0,nan,nan,nan,nan,;
1.0,0.0,2.0,nan,nan,nan,nan,;
1.0,1.0,0.0,nan,nan,nan,nan,;
1.0,1.0,1.0,nan,nan,nan,nan,;
1.0,1.0,2.0,nan,nan,nan,nan,;
1.0,2.0,0.0,nan,nan,nan,nan,;
1.0,2.0,1.0,nan,nan,nan,nan,;
1.0,2.0,2.0,nan,nan,nan,nan,;
1.0,3.0,0.0,nan,nan,nan,nan,;
1.0,3.0,1.0,nan,nan,nan,nan,;
1.0,3.0,2.0,nan,nan,nan,nan,;
1.0,4.0,0.0,nan,nan,nan,nan,;
1.0,4.0,1.0,nan,nan,nan,nan,;
1.0,4.0,2.0,nan,nan,nan,nan,;
2.0,0.0,0.0,-1.47148258569,nan,-1.4130978464,nan,;
2.0,0.0,1.0,-1.75399462536,-1.50894834988,-1.66161875315,nan,;
2.0,0.0,2.0,nan,-1.64767199531,-1.81011208811,nan,;
2.0,1.0,0.0,-1.44192169779,nan,-0.615778784,-1.44873385856,;
2.0,1.0,1.0,-1.52664079619,-1.38651993056,-1.51572902668,-1.68256797734,;
2.0,1.0,2.0,nan,-1.53805848137,-1.62816045927,-1.8553618654,;
2.0,2.0,0.0,-1.56997226647,nan,0.62669653504,-1.178907392,;
2.0,2.0,1.0,-1.61508233816,-0.84481532792,-1.03579990784,-1.65354918798,;
2.0,2.0,2.0,nan,-1.4800317351,-1.43699316732,-1.52129245667,;
2.0,3.0,0.0,-0.96549277184,nan,10.0,-0.823421312,;
2.0,3.0,1.0,-1.07526534349,0.407748943053,0.52,-1.16416,;
2.0,3.0,2.0,nan,-0.9408167936,-0.9722168,-1.38370400952,;
2.0,4.0,0.0,nan,nan,nan,nan,;
2.0,4.0,1.0,-0.965222406619,nan,nan,-0.94800103424,;
2.0,4.0,2.0,nan,0.758719917261,nan,-1.21425414349,;
3.0,0.0,0.0,-1.60535646823,nan,-0.0105920065716,nan,;
3.0,0.0,1.0,-2.22140207068,-0.949088461554,-0.830255090526,nan,;
3.0,0.0,2.0,nan,-1.59714545519,-1.51950285894,nan,;
3.0,1.0,0.0,-0.769955257874,nan,1.32471215494,-0.919613199984,;
3.0,1.0,1.0,-1.53602769003,0.0475553355021,0.157509991217,-1.59137387598,;
3.0,1.0,2.0,nan,-0.781998579206,-0.688677937236,-2.22852924724,;
3.0,2.0,0.0,0.165536232901,nan,3.52373631742,0.0604594077597,;
3.0,2.0,1.0,-0.695561048911,1.32529005619,1.3949853622,-0.782545693093,;
3.0,2.0,2.0,nan,0.292503711681,0.226588714786,-1.61077012004,;
3.0,3.0,0.0,1.04815437695,nan,nan,1.2828669582,;
3.0,3.0,1.0,0.178730075548,2.00304021856,3.42437692911,0.172931406666,;
3.0,3.0,2.0,nan,1.36520641267,1.02842548132,-0.667191809163,;
3.0,4.0,0.0,nan,nan,nan,nan,;
3.0,4.0,1.0,1.09927095446,nan,nan,1.16007510047,;
3.0,4.0,2.0,nan,2.43371180858,nan,0.305993370016,;
0.0,0.0,0.0,nan,nan,nan,nan,;
0.0,0.0,1.0,nan,nan,nan,nan,;
0.0,0.0,2.0,nan,nan,nan,nan,;
0.0,1.0,0.0,nan,nan,nan,nan,;
0.0,1.0,1.0,nan,nan,nan,nan,;
0.0,1.0,2.0,nan,nan,nan,nan,;
0.0,2.0,0.0,nan,nan,nan,nan,;
0.0,2.0,1.0,nan,nan,nan,nan,;
0.0,2.0,2.0,nan,nan,nan,nan,;
0.0,3.0,0.0,nan,nan,nan,nan,;
0.0,3.0,1.0,nan,nan,nan,nan,;
0.0,3.0,2.0,nan,nan,nan,nan,;
0.0,4.0,0.0,nan,nan,nan,nan,;
0.0,4.0,1.0,nan,nan,nan,nan,;
0.0,4.0,2.0,nan,nan,nan,nan,;
1.0,0.0,0.0,-1.73856210719,nan,-0.121386441899,nan,;
1.0,0.0,1.0,-1.08,-1.18532527692,-1.152,nan,;
1.0,0.0,2.0,nan,-1.16416,-1.0,nan,;
1.0,1.0,0.0,-1.1646208,nan,-1.2168,-1.09940564585,;
1.0,1.0,1.0,-1.327608,-1.22574864331,-1.08,-1.152,;
1.0,1.0,2.0,nan,-1.344806848,-1.08,-1.08,;
1.0,2.0,0.0,-1.152,nan,-1.08,-1.0,;
1.0,2.0,1.0,nan,-1.0,-1.21688,-1.152,;
1.0,2.0,2.0,nan,-1.152,-1.152,-1.0,;
1.0,3.0,0.0,-1.0,nan,10.0,-1.0,;
1.0,3.0,1.0,-1.2232,-1.0,-0.272,-1.0,;
1.0,3.0,2.0,nan,-1.08,-1.2333888,-1.27512,;
1.0,4.0,0.0,nan,nan,nan,nan,;
1.0,4.0,1.0,-1.088,nan,nan,-1.0,;
1.0,4.0,2.0,nan,0.52,nan,-1.22896,;
2.0,0.0,0.0,-2.28581195247,nan,-1.80540301159,nan,;
2.0,0.0,1.0,-2.17096966294,-2.13340313586,-2.05782111267,nan,;
2.0,0.0,2.0,nan,-2.28144678525,-1.99040485396,nan,;
2.0,1.0,0.0,-2.03279970289,nan,-0.966163814043,-2.14844666592,;
2.0,1.0,1.0,-2.07500094592,-1.7910397689,-1.3722836352,-2.26123837723,;
2.0,1.0,2.0,nan,-1.95378779662,-1.97682236949,-1.96000959628,;
2.0,2.0,0.0,-1.37466903687,nan,1.3746417371,-1.45128360924,;
2.0,2.0,1.0,-1.97559876259,-0.757754761804,0.14584174323,-1.94586127128,;
2.0,2.0,2.0,nan,-1.33318273641,-1.49844245832,-2.05862576562,;
2.0,3.0,0.0,-0.403972757824,nan,10.0,-1.01752606812,;
2.0,3.0,1.0,-1.51064892884,2.16849454262,2.64248701469,-1.35311912453,;
2.0,3.0,2.0,nan,-0.221381980759,-0.488068563046,-1.99440947534,;
2.0,4.0,0.0,nan,nan,nan,nan,;
2.0,4.0,1.0,-0.893064584239,10.0,nan,-0.271541578429,;
2.0,4.0,2.0,nan,2.59750342125,nan,-1.49245932789,;
3.0,0.0,0.0,-1.65245360009,nan,0.484961302452,nan,;
3.0,0.0,1.0,-2.35179365595,-0.813008690814,-0.626380715141,nan,;
3.0,0.0,2.0,nan,-1.59692028742,-1.5464913435,nan,;
3.0,1.0,0.0,-0.689721413184,nan,2.01644021786,-0.879316948058,;
3.0,1.0,1.0,-1.57203722104,0.221357340837,0.412112760125,-1.6371932281,;
3.0,1.0,2.0,nan,-0.756015642525,-0.451431927382,-2.34032517779,;
3.0,2.0,0.0,0.559734187583,nan,4.58187590973,0.358892436964,;
3.0,2.0,1.0,-0.461706346902,2.12700583603,1.82330502359,-0.744412598196,;
3.0,2.0,2.0,nan,0.585882825472,0.943616214001,-1.57727298625,;
3.0,3.0,0.0,1.76429403953,nan,nan,1.89891648062,;
3.0,3.0,1.0,0.907766036748,2.9172610793,3.24988254242,0.482247770709,;
3.0,3.0,2.0,nan,1.89786514445,2.68703664616,-0.548224694012,;
3.0,4.0,0.0,nan,nan,nan,nan,;
3.0,4.0,1.0,1.84552126744,nan,nan,1.64106997936,;
3.0,4.0,2.0,nan,4.96281908939,nan,0.415172153952,;
