0.0,0.0,0.0,nan,nan,nan,nan,;
0.0,0.0,1.0,nan,nan,nan,nan,;
0.0,0.0,2.0,nan,nan,nan,nan,;
0.0,1.0,0.0,nan,nan,nan,nan,;
0.0,1.0,1.0,nan,nan,nan,nan,;
0.0,1.0,2.0,nan,nan,nan,nan,;
0.0,2.0,0.0,nan,nan,nan,nan,;
0.0,2.0,1.0,nan,nan,nan,nan,;
0.0,2.0,2.0,nan,nan,nan,nan,;
0.0,3.0,0.0,nan,nan,nan,nan,;
0.0,3.0,1.0,nan,nan,nan,nan,;
0.0,3.0,2.0,nan,nan,nan,nan,;
0.0,4.0,0.0,nan,nan,nan,nan,;
0.0,4.0,1.0,nan,nan,nan,nan,;
0.0,4.0,2.0,nan,nan,nan,nan,;
1.0,0.0,0.0,-1.29107994882,nan,-0.925167933835,nan,;
1.0,0.0,1.0,nan,nan,nan,nan,;
1.0,0.0,2.0,nan,nan,nan,nan,;
1.0,1.0,0.0,nan,nan,nan,nan,;
1.0,1.0,1.0,nan,nan,nan,nan,;
1.0,1.0,2.0,nan,nan,nan,nan,;
1.0,2.0,0.0,nan,nan,nan,nan,;
1.0,2.0,1.0,nan,nan,nan,nan,;
1.0,2.0,2.0,nan,nan,nan,nan,;
1.0,3.0,0.0,nan,nan,nan,nan,;
1.0,3.0,1.0,nan,nan,nan,nan,;
1.0,3.0,2.0,nan,nan,nan,nan,;
1.0,4.0,0.0,nan,nan,nan,nan,;
1.0,4.0,1.0,nan,nan,nan,nan,;
1.0,4.0,2.0,nan,nan,nan,nan,;
2.0,0.0,0.0,nan,nan,nan,nan,;
2.0,0.0,1.0,nan,nan,nan,nan,;
2.0,0.0,2.0,nan,nan,nan,nan,;
2.0,1.0,0.0,nan,nan,nan,nan,;
2.0,1.0,1.0,nan,nan,nan,nan,;
2.0,1.0,2.0,nan,nan,nan,nan,;
2.0,2.0,0.0,nan,nan,nan,nan,;
2.0,2.0,1.0,nan,nan,nan,nan,;
2.0,2.0,2.0,nan,nan,nan,nan,;
2.0,3.0,0.0,nan,nan,nan,nan,;
2.0,3.0,1.0,nan,nan,nan,nan,;
2.0,3.0,2.0,nan,nan,nan,nan,;
2.0,4.0,0.0,nan,nan,nan,nan,;
2.0,4.0,1.0,nan,nan,nan,nan,;
2.0,4.0,2.0,nan,nan,nan,nan,;
3.0,0.0,0.0,-1.78357184133,nan,-0.560254452057,nan,;
3.0,0.0,1.0,-2.43935550295,-1.63985992485,-1.43247370675,nan,;
3.0,0.0,2.0,nan,-2.05228927743,-2.09996626325,nan,;
3.0,1.0,0.0,-1.52109981996,nan,1.28086786255,-1.59597498961,;
3.0,1.0,1.0,-2.03887034937,-0.368898605442,-0.974564157522,-1.98449622595,;
3.0,1.0,2.0,nan,-1.47680128828,-1.72561472156,-2.30318475936,;
3.0,2.0,0.0,-1.04268098779,nan,1.97250085299,-0.596790710836,;
3.0,2.0,1.0,-1.54685493701,0.090974676992,-1.0,-1.47855184332,;
3.0,2.0,2.0,nan,-0.974564157522,-1.24,-2.04002787428,;
3.0,3.0,0.0,-1.24,nan,10.0,0.14542592,;
3.0,3.0,1.0,nan,-1.062592,nan,-1.0,;
3.0,3.0,2.0,nan,nan,-1.24,-1.0,;
3.0,4.0,0.0,nan,nan,nan,nan,;
3.0,4.0,1.0,-1.0,10.0,nan,nan,;
3.0,4.0,2.0,nan,1.4,nan,-1.0,;
